,commit_hash,file_path,filename,line,problematic_tool
0,14c7dda8fd673c3c9b6597ee9ad630ed963a9bb3,src/test/java/com/blade/ioc/FieldInjectorTest.java,FieldInjectorTest.java,19,clover
1,14c7dda8fd673c3c9b6597ee9ad630ed963a9bb3,src/test/java/com/blade/ioc/ClassDefineTest.java,ClassDefineTest.java,26,clover
2,14c7dda8fd673c3c9b6597ee9ad630ed963a9bb3,src/main/java/com/blade/test/BladeTestRunner.java,BladeTestRunner.java,42,clover
3,14c7dda8fd673c3c9b6597ee9ad630ed963a9bb3,src/main/java/com/blade/kit/ReflectKit.java,ReflectKit.java,335,clover
4,14c7dda8fd673c3c9b6597ee9ad630ed963a9bb3,src/main/java/com/blade/kit/ReflectKit.java,ReflectKit.java,336,clover
5,14c7dda8fd673c3c9b6597ee9ad630ed963a9bb3,src/main/java/com/blade/kit/ReflectKit.java,ReflectKit.java,342,clover
6,14c7dda8fd673c3c9b6597ee9ad630ed963a9bb3,src/main/java/com/blade/kit/ReflectKit.java,ReflectKit.java,343,clover
7,14c7dda8fd673c3c9b6597ee9ad630ed963a9bb3,src/main/java/com/blade/kit/ReflectKit.java,ReflectKit.java,347,clover
8,14c7dda8fd673c3c9b6597ee9ad630ed963a9bb3,src/main/java/com/blade/kit/ReflectKit.java,ReflectKit.java,348,clover
9,14c7dda8fd673c3c9b6597ee9ad630ed963a9bb3,src/main/java/com/blade/kit/IocKit.java,IocKit.java,52,clover
10,14c7dda8fd673c3c9b6597ee9ad630ed963a9bb3,src/main/java/com/blade/kit/IocKit.java,IocKit.java,75,clover
11,14c7dda8fd673c3c9b6597ee9ad630ed963a9bb3,src/main/java/com/blade/kit/IocKit.java,IocKit.java,79,clover
12,14c7dda8fd673c3c9b6597ee9ad630ed963a9bb3,src/main/java/com/blade/kit/BeanKit.java,BeanKit.java,51,clover
13,14c7dda8fd673c3c9b6597ee9ad630ed963a9bb3,src/main/java/com/blade/kit/BeanKit.java,BeanKit.java,53,clover
14,14c7dda8fd673c3c9b6597ee9ad630ed963a9bb3,src/main/java/com/blade/kit/BeanKit.java,BeanKit.java,58,clover
15,14c7dda8fd673c3c9b6597ee9ad630ed963a9bb3,src/main/java/com/blade/kit/BeanKit.java,BeanKit.java,61,clover
16,14c7dda8fd673c3c9b6597ee9ad630ed963a9bb3,src/main/java/com/blade/kit/json/BeanSerializer.java,BeanSerializer.java,63,clover
17,14c7dda8fd673c3c9b6597ee9ad630ed963a9bb3,src/main/java/com/blade/kit/json/BeanSerializer.java,BeanSerializer.java,142,clover
18,14c7dda8fd673c3c9b6597ee9ad630ed963a9bb3,src/main/java/com/blade/kit/json/BeanSerializer.java,BeanSerializer.java,242,clover
19,14c7dda8fd673c3c9b6597ee9ad630ed963a9bb3,src/main/java/com/blade/ioc/bean/FieldInjector.java,FieldInjector.java,57,clover
20,14c7dda8fd673c3c9b6597ee9ad630ed963a9bb3,src/main/java/com/blade/ioc/bean/ClassDefine.java,ClassDefine.java,71,clover
21,7fefcdd4aff312bbd3eb6fad638472f942cac77a,src/test/java/com/blade/ioc/FieldInjectorTest.java,FieldInjectorTest.java,19,clover
22,7fefcdd4aff312bbd3eb6fad638472f942cac77a,src/test/java/com/blade/ioc/ClassDefineTest.java,ClassDefineTest.java,26,clover
23,7fefcdd4aff312bbd3eb6fad638472f942cac77a,src/main/java/com/blade/test/BladeTestRunner.java,BladeTestRunner.java,42,clover
24,7fefcdd4aff312bbd3eb6fad638472f942cac77a,src/main/java/com/blade/kit/ReflectKit.java,ReflectKit.java,335,clover
25,7fefcdd4aff312bbd3eb6fad638472f942cac77a,src/main/java/com/blade/kit/ReflectKit.java,ReflectKit.java,336,clover
26,7fefcdd4aff312bbd3eb6fad638472f942cac77a,src/main/java/com/blade/kit/ReflectKit.java,ReflectKit.java,342,clover
27,7fefcdd4aff312bbd3eb6fad638472f942cac77a,src/main/java/com/blade/kit/ReflectKit.java,ReflectKit.java,343,clover
28,7fefcdd4aff312bbd3eb6fad638472f942cac77a,src/main/java/com/blade/kit/ReflectKit.java,ReflectKit.java,347,clover
29,7fefcdd4aff312bbd3eb6fad638472f942cac77a,src/main/java/com/blade/kit/ReflectKit.java,ReflectKit.java,348,clover
30,7fefcdd4aff312bbd3eb6fad638472f942cac77a,src/main/java/com/blade/kit/IocKit.java,IocKit.java,52,clover
31,7fefcdd4aff312bbd3eb6fad638472f942cac77a,src/main/java/com/blade/kit/IocKit.java,IocKit.java,75,clover
32,7fefcdd4aff312bbd3eb6fad638472f942cac77a,src/main/java/com/blade/kit/IocKit.java,IocKit.java,79,clover
33,7fefcdd4aff312bbd3eb6fad638472f942cac77a,src/main/java/com/blade/kit/BeanKit.java,BeanKit.java,51,clover
34,7fefcdd4aff312bbd3eb6fad638472f942cac77a,src/main/java/com/blade/kit/BeanKit.java,BeanKit.java,53,clover
35,7fefcdd4aff312bbd3eb6fad638472f942cac77a,src/main/java/com/blade/kit/BeanKit.java,BeanKit.java,58,clover
36,7fefcdd4aff312bbd3eb6fad638472f942cac77a,src/main/java/com/blade/kit/BeanKit.java,BeanKit.java,61,clover
37,7fefcdd4aff312bbd3eb6fad638472f942cac77a,src/main/java/com/blade/kit/json/BeanSerializer.java,BeanSerializer.java,63,clover
38,7fefcdd4aff312bbd3eb6fad638472f942cac77a,src/main/java/com/blade/kit/json/BeanSerializer.java,BeanSerializer.java,142,clover
39,7fefcdd4aff312bbd3eb6fad638472f942cac77a,src/main/java/com/blade/kit/json/BeanSerializer.java,BeanSerializer.java,242,clover
40,7fefcdd4aff312bbd3eb6fad638472f942cac77a,src/main/java/com/blade/ioc/bean/FieldInjector.java,FieldInjector.java,57,clover
41,7fefcdd4aff312bbd3eb6fad638472f942cac77a,src/main/java/com/blade/ioc/bean/ClassDefine.java,ClassDefine.java,71,clover
42,c7b211d0d97b0f3c9ced802d1bba360f015012fd,src/test/java/com/blade/ioc/FieldInjectorTest.java,FieldInjectorTest.java,19,clover
43,c7b211d0d97b0f3c9ced802d1bba360f015012fd,src/test/java/com/blade/ioc/ClassDefineTest.java,ClassDefineTest.java,26,clover
44,c7b211d0d97b0f3c9ced802d1bba360f015012fd,src/main/java/com/blade/test/BladeTestRunner.java,BladeTestRunner.java,42,clover
45,c7b211d0d97b0f3c9ced802d1bba360f015012fd,src/main/java/com/blade/kit/ReflectKit.java,ReflectKit.java,335,clover
46,c7b211d0d97b0f3c9ced802d1bba360f015012fd,src/main/java/com/blade/kit/ReflectKit.java,ReflectKit.java,336,clover
47,c7b211d0d97b0f3c9ced802d1bba360f015012fd,src/main/java/com/blade/kit/ReflectKit.java,ReflectKit.java,342,clover
48,c7b211d0d97b0f3c9ced802d1bba360f015012fd,src/main/java/com/blade/kit/ReflectKit.java,ReflectKit.java,343,clover
49,c7b211d0d97b0f3c9ced802d1bba360f015012fd,src/main/java/com/blade/kit/ReflectKit.java,ReflectKit.java,347,clover
50,c7b211d0d97b0f3c9ced802d1bba360f015012fd,src/main/java/com/blade/kit/ReflectKit.java,ReflectKit.java,348,clover
51,c7b211d0d97b0f3c9ced802d1bba360f015012fd,src/main/java/com/blade/kit/IocKit.java,IocKit.java,52,clover
52,c7b211d0d97b0f3c9ced802d1bba360f015012fd,src/main/java/com/blade/kit/IocKit.java,IocKit.java,75,clover
53,c7b211d0d97b0f3c9ced802d1bba360f015012fd,src/main/java/com/blade/kit/IocKit.java,IocKit.java,79,clover
54,c7b211d0d97b0f3c9ced802d1bba360f015012fd,src/main/java/com/blade/kit/BeanKit.java,BeanKit.java,51,clover
55,c7b211d0d97b0f3c9ced802d1bba360f015012fd,src/main/java/com/blade/kit/BeanKit.java,BeanKit.java,53,clover
56,c7b211d0d97b0f3c9ced802d1bba360f015012fd,src/main/java/com/blade/kit/BeanKit.java,BeanKit.java,58,clover
57,c7b211d0d97b0f3c9ced802d1bba360f015012fd,src/main/java/com/blade/kit/BeanKit.java,BeanKit.java,61,clover
58,c7b211d0d97b0f3c9ced802d1bba360f015012fd,src/main/java/com/blade/kit/json/BeanSerializer.java,BeanSerializer.java,63,clover
59,c7b211d0d97b0f3c9ced802d1bba360f015012fd,src/main/java/com/blade/kit/json/BeanSerializer.java,BeanSerializer.java,142,clover
60,c7b211d0d97b0f3c9ced802d1bba360f015012fd,src/main/java/com/blade/kit/json/BeanSerializer.java,BeanSerializer.java,242,clover
61,c7b211d0d97b0f3c9ced802d1bba360f015012fd,src/main/java/com/blade/ioc/bean/FieldInjector.java,FieldInjector.java,57,clover
62,c7b211d0d97b0f3c9ced802d1bba360f015012fd,src/main/java/com/blade/ioc/bean/ClassDefine.java,ClassDefine.java,71,clover
63,c6901c69c5a4af530a8c0557b803d4915143c728,src/test/java/com/blade/ioc/FieldInjectorTest.java,FieldInjectorTest.java,19,clover
64,c6901c69c5a4af530a8c0557b803d4915143c728,src/test/java/com/blade/ioc/ClassDefineTest.java,ClassDefineTest.java,26,clover
65,c6901c69c5a4af530a8c0557b803d4915143c728,src/main/java/com/blade/test/BladeTestRunner.java,BladeTestRunner.java,42,clover
66,c6901c69c5a4af530a8c0557b803d4915143c728,src/main/java/com/blade/kit/ReflectKit.java,ReflectKit.java,335,clover
67,c6901c69c5a4af530a8c0557b803d4915143c728,src/main/java/com/blade/kit/ReflectKit.java,ReflectKit.java,336,clover
68,c6901c69c5a4af530a8c0557b803d4915143c728,src/main/java/com/blade/kit/ReflectKit.java,ReflectKit.java,342,clover
69,c6901c69c5a4af530a8c0557b803d4915143c728,src/main/java/com/blade/kit/ReflectKit.java,ReflectKit.java,343,clover
70,c6901c69c5a4af530a8c0557b803d4915143c728,src/main/java/com/blade/kit/ReflectKit.java,ReflectKit.java,347,clover
71,c6901c69c5a4af530a8c0557b803d4915143c728,src/main/java/com/blade/kit/ReflectKit.java,ReflectKit.java,348,clover
72,c6901c69c5a4af530a8c0557b803d4915143c728,src/main/java/com/blade/kit/IocKit.java,IocKit.java,52,clover
73,c6901c69c5a4af530a8c0557b803d4915143c728,src/main/java/com/blade/kit/IocKit.java,IocKit.java,75,clover
74,c6901c69c5a4af530a8c0557b803d4915143c728,src/main/java/com/blade/kit/IocKit.java,IocKit.java,79,clover
75,c6901c69c5a4af530a8c0557b803d4915143c728,src/main/java/com/blade/kit/BeanKit.java,BeanKit.java,51,clover
76,c6901c69c5a4af530a8c0557b803d4915143c728,src/main/java/com/blade/kit/BeanKit.java,BeanKit.java,53,clover
77,c6901c69c5a4af530a8c0557b803d4915143c728,src/main/java/com/blade/kit/BeanKit.java,BeanKit.java,58,clover
78,c6901c69c5a4af530a8c0557b803d4915143c728,src/main/java/com/blade/kit/BeanKit.java,BeanKit.java,61,clover
79,c6901c69c5a4af530a8c0557b803d4915143c728,src/main/java/com/blade/kit/json/BeanSerializer.java,BeanSerializer.java,63,clover
80,c6901c69c5a4af530a8c0557b803d4915143c728,src/main/java/com/blade/kit/json/BeanSerializer.java,BeanSerializer.java,142,clover
81,c6901c69c5a4af530a8c0557b803d4915143c728,src/main/java/com/blade/kit/json/BeanSerializer.java,BeanSerializer.java,242,clover
82,c6901c69c5a4af530a8c0557b803d4915143c728,src/main/java/com/blade/ioc/bean/FieldInjector.java,FieldInjector.java,57,clover
83,c6901c69c5a4af530a8c0557b803d4915143c728,src/main/java/com/blade/ioc/bean/ClassDefine.java,ClassDefine.java,71,clover
84,867181ac9903cec198a664f26ea08a73e85e44e3,src/test/java/com/blade/ioc/FieldInjectorTest.java,FieldInjectorTest.java,19,clover
85,867181ac9903cec198a664f26ea08a73e85e44e3,src/test/java/com/blade/ioc/ClassDefineTest.java,ClassDefineTest.java,26,clover
86,867181ac9903cec198a664f26ea08a73e85e44e3,src/main/java/com/blade/test/BladeTestRunner.java,BladeTestRunner.java,42,clover
87,867181ac9903cec198a664f26ea08a73e85e44e3,src/main/java/com/blade/kit/ReflectKit.java,ReflectKit.java,335,clover
88,867181ac9903cec198a664f26ea08a73e85e44e3,src/main/java/com/blade/kit/ReflectKit.java,ReflectKit.java,336,clover
89,867181ac9903cec198a664f26ea08a73e85e44e3,src/main/java/com/blade/kit/ReflectKit.java,ReflectKit.java,342,clover
90,867181ac9903cec198a664f26ea08a73e85e44e3,src/main/java/com/blade/kit/ReflectKit.java,ReflectKit.java,343,clover
91,867181ac9903cec198a664f26ea08a73e85e44e3,src/main/java/com/blade/kit/ReflectKit.java,ReflectKit.java,347,clover
92,867181ac9903cec198a664f26ea08a73e85e44e3,src/main/java/com/blade/kit/ReflectKit.java,ReflectKit.java,348,clover
93,867181ac9903cec198a664f26ea08a73e85e44e3,src/main/java/com/blade/kit/IocKit.java,IocKit.java,52,clover
94,867181ac9903cec198a664f26ea08a73e85e44e3,src/main/java/com/blade/kit/IocKit.java,IocKit.java,75,clover
95,867181ac9903cec198a664f26ea08a73e85e44e3,src/main/java/com/blade/kit/IocKit.java,IocKit.java,79,clover
96,867181ac9903cec198a664f26ea08a73e85e44e3,src/main/java/com/blade/kit/BeanKit.java,BeanKit.java,51,clover
97,867181ac9903cec198a664f26ea08a73e85e44e3,src/main/java/com/blade/kit/BeanKit.java,BeanKit.java,53,clover
98,867181ac9903cec198a664f26ea08a73e85e44e3,src/main/java/com/blade/kit/BeanKit.java,BeanKit.java,58,clover
99,867181ac9903cec198a664f26ea08a73e85e44e3,src/main/java/com/blade/kit/BeanKit.java,BeanKit.java,61,clover
100,867181ac9903cec198a664f26ea08a73e85e44e3,src/main/java/com/blade/kit/json/BeanSerializer.java,BeanSerializer.java,144,clover
101,867181ac9903cec198a664f26ea08a73e85e44e3,src/main/java/com/blade/kit/json/BeanSerializer.java,BeanSerializer.java,379,clover
102,867181ac9903cec198a664f26ea08a73e85e44e3,src/main/java/com/blade/ioc/bean/FieldInjector.java,FieldInjector.java,57,clover
103,867181ac9903cec198a664f26ea08a73e85e44e3,src/main/java/com/blade/ioc/bean/ClassDefine.java,ClassDefine.java,71,clover
104,f481b4b40a6c145243ea2c39ff92973162f8bd78,src/test/java/com/blade/ioc/FieldInjectorTest.java,FieldInjectorTest.java,19,clover
105,f481b4b40a6c145243ea2c39ff92973162f8bd78,src/test/java/com/blade/ioc/ClassDefineTest.java,ClassDefineTest.java,26,clover
106,f481b4b40a6c145243ea2c39ff92973162f8bd78,src/main/java/com/blade/test/BladeTestRunner.java,BladeTestRunner.java,42,clover
107,f481b4b40a6c145243ea2c39ff92973162f8bd78,src/main/java/com/blade/kit/ReflectKit.java,ReflectKit.java,335,clover
108,f481b4b40a6c145243ea2c39ff92973162f8bd78,src/main/java/com/blade/kit/ReflectKit.java,ReflectKit.java,336,clover
109,f481b4b40a6c145243ea2c39ff92973162f8bd78,src/main/java/com/blade/kit/ReflectKit.java,ReflectKit.java,342,clover
110,f481b4b40a6c145243ea2c39ff92973162f8bd78,src/main/java/com/blade/kit/ReflectKit.java,ReflectKit.java,343,clover
111,f481b4b40a6c145243ea2c39ff92973162f8bd78,src/main/java/com/blade/kit/ReflectKit.java,ReflectKit.java,347,clover
112,f481b4b40a6c145243ea2c39ff92973162f8bd78,src/main/java/com/blade/kit/ReflectKit.java,ReflectKit.java,348,clover
113,f481b4b40a6c145243ea2c39ff92973162f8bd78,src/main/java/com/blade/kit/IocKit.java,IocKit.java,52,clover
114,f481b4b40a6c145243ea2c39ff92973162f8bd78,src/main/java/com/blade/kit/IocKit.java,IocKit.java,75,clover
115,f481b4b40a6c145243ea2c39ff92973162f8bd78,src/main/java/com/blade/kit/IocKit.java,IocKit.java,79,clover
116,f481b4b40a6c145243ea2c39ff92973162f8bd78,src/main/java/com/blade/kit/BeanKit.java,BeanKit.java,51,clover
117,f481b4b40a6c145243ea2c39ff92973162f8bd78,src/main/java/com/blade/kit/BeanKit.java,BeanKit.java,53,clover
118,f481b4b40a6c145243ea2c39ff92973162f8bd78,src/main/java/com/blade/kit/BeanKit.java,BeanKit.java,58,clover
119,f481b4b40a6c145243ea2c39ff92973162f8bd78,src/main/java/com/blade/kit/BeanKit.java,BeanKit.java,61,clover
120,f481b4b40a6c145243ea2c39ff92973162f8bd78,src/main/java/com/blade/kit/json/BeanSerializer.java,BeanSerializer.java,63,clover
121,f481b4b40a6c145243ea2c39ff92973162f8bd78,src/main/java/com/blade/kit/json/BeanSerializer.java,BeanSerializer.java,142,clover
122,f481b4b40a6c145243ea2c39ff92973162f8bd78,src/main/java/com/blade/kit/json/BeanSerializer.java,BeanSerializer.java,242,clover
123,f481b4b40a6c145243ea2c39ff92973162f8bd78,src/main/java/com/blade/ioc/bean/FieldInjector.java,FieldInjector.java,57,clover
124,f481b4b40a6c145243ea2c39ff92973162f8bd78,src/main/java/com/blade/ioc/bean/ClassDefine.java,ClassDefine.java,71,clover
125,470304f3e57a9569392d6c62d7d76c50e2e9e83a,src/test/java/com/blade/ioc/FieldInjectorTest.java,FieldInjectorTest.java,19,clover
126,470304f3e57a9569392d6c62d7d76c50e2e9e83a,src/test/java/com/blade/ioc/ClassDefineTest.java,ClassDefineTest.java,26,clover
127,470304f3e57a9569392d6c62d7d76c50e2e9e83a,src/main/java/com/blade/test/BladeTestRunner.java,BladeTestRunner.java,42,clover
128,470304f3e57a9569392d6c62d7d76c50e2e9e83a,src/main/java/com/blade/kit/ReflectKit.java,ReflectKit.java,335,clover
129,470304f3e57a9569392d6c62d7d76c50e2e9e83a,src/main/java/com/blade/kit/ReflectKit.java,ReflectKit.java,336,clover
130,470304f3e57a9569392d6c62d7d76c50e2e9e83a,src/main/java/com/blade/kit/ReflectKit.java,ReflectKit.java,342,clover
131,470304f3e57a9569392d6c62d7d76c50e2e9e83a,src/main/java/com/blade/kit/ReflectKit.java,ReflectKit.java,343,clover
132,470304f3e57a9569392d6c62d7d76c50e2e9e83a,src/main/java/com/blade/kit/ReflectKit.java,ReflectKit.java,347,clover
133,470304f3e57a9569392d6c62d7d76c50e2e9e83a,src/main/java/com/blade/kit/ReflectKit.java,ReflectKit.java,348,clover
134,470304f3e57a9569392d6c62d7d76c50e2e9e83a,src/main/java/com/blade/kit/IocKit.java,IocKit.java,52,clover
135,470304f3e57a9569392d6c62d7d76c50e2e9e83a,src/main/java/com/blade/kit/IocKit.java,IocKit.java,75,clover
136,470304f3e57a9569392d6c62d7d76c50e2e9e83a,src/main/java/com/blade/kit/IocKit.java,IocKit.java,79,clover
137,470304f3e57a9569392d6c62d7d76c50e2e9e83a,src/main/java/com/blade/kit/BeanKit.java,BeanKit.java,51,clover
138,470304f3e57a9569392d6c62d7d76c50e2e9e83a,src/main/java/com/blade/kit/BeanKit.java,BeanKit.java,53,clover
139,470304f3e57a9569392d6c62d7d76c50e2e9e83a,src/main/java/com/blade/kit/BeanKit.java,BeanKit.java,58,clover
140,470304f3e57a9569392d6c62d7d76c50e2e9e83a,src/main/java/com/blade/kit/BeanKit.java,BeanKit.java,61,clover
141,470304f3e57a9569392d6c62d7d76c50e2e9e83a,src/main/java/com/blade/kit/json/BeanSerializer.java,BeanSerializer.java,63,clover
142,470304f3e57a9569392d6c62d7d76c50e2e9e83a,src/main/java/com/blade/kit/json/BeanSerializer.java,BeanSerializer.java,142,clover
143,470304f3e57a9569392d6c62d7d76c50e2e9e83a,src/main/java/com/blade/kit/json/BeanSerializer.java,BeanSerializer.java,242,clover
144,470304f3e57a9569392d6c62d7d76c50e2e9e83a,src/main/java/com/blade/ioc/bean/FieldInjector.java,FieldInjector.java,57,clover
145,470304f3e57a9569392d6c62d7d76c50e2e9e83a,src/main/java/com/blade/ioc/bean/ClassDefine.java,ClassDefine.java,71,clover
146,d19e54af023881b2aac92953401c29a8052f5d96,src/test/java/com/blade/ioc/FieldInjectorTest.java,FieldInjectorTest.java,19,clover
147,d19e54af023881b2aac92953401c29a8052f5d96,src/test/java/com/blade/ioc/ClassDefineTest.java,ClassDefineTest.java,26,clover
148,d19e54af023881b2aac92953401c29a8052f5d96,src/main/java/com/blade/test/BladeTestRunner.java,BladeTestRunner.java,42,clover
149,d19e54af023881b2aac92953401c29a8052f5d96,src/main/java/com/blade/kit/ReflectKit.java,ReflectKit.java,335,clover
150,d19e54af023881b2aac92953401c29a8052f5d96,src/main/java/com/blade/kit/ReflectKit.java,ReflectKit.java,336,clover
151,d19e54af023881b2aac92953401c29a8052f5d96,src/main/java/com/blade/kit/ReflectKit.java,ReflectKit.java,342,clover
152,d19e54af023881b2aac92953401c29a8052f5d96,src/main/java/com/blade/kit/ReflectKit.java,ReflectKit.java,343,clover
153,d19e54af023881b2aac92953401c29a8052f5d96,src/main/java/com/blade/kit/ReflectKit.java,ReflectKit.java,347,clover
154,d19e54af023881b2aac92953401c29a8052f5d96,src/main/java/com/blade/kit/ReflectKit.java,ReflectKit.java,348,clover
155,d19e54af023881b2aac92953401c29a8052f5d96,src/main/java/com/blade/kit/IocKit.java,IocKit.java,52,clover
156,d19e54af023881b2aac92953401c29a8052f5d96,src/main/java/com/blade/kit/IocKit.java,IocKit.java,75,clover
157,d19e54af023881b2aac92953401c29a8052f5d96,src/main/java/com/blade/kit/IocKit.java,IocKit.java,79,clover
158,d19e54af023881b2aac92953401c29a8052f5d96,src/main/java/com/blade/kit/BeanKit.java,BeanKit.java,51,clover
159,d19e54af023881b2aac92953401c29a8052f5d96,src/main/java/com/blade/kit/BeanKit.java,BeanKit.java,53,clover
160,d19e54af023881b2aac92953401c29a8052f5d96,src/main/java/com/blade/kit/BeanKit.java,BeanKit.java,58,clover
161,d19e54af023881b2aac92953401c29a8052f5d96,src/main/java/com/blade/kit/BeanKit.java,BeanKit.java,61,clover
162,d19e54af023881b2aac92953401c29a8052f5d96,src/main/java/com/blade/kit/json/BeanSerializer.java,BeanSerializer.java,63,clover
163,d19e54af023881b2aac92953401c29a8052f5d96,src/main/java/com/blade/kit/json/BeanSerializer.java,BeanSerializer.java,142,clover
164,d19e54af023881b2aac92953401c29a8052f5d96,src/main/java/com/blade/kit/json/BeanSerializer.java,BeanSerializer.java,242,clover
165,d19e54af023881b2aac92953401c29a8052f5d96,src/main/java/com/blade/ioc/bean/FieldInjector.java,FieldInjector.java,57,clover
166,d19e54af023881b2aac92953401c29a8052f5d96,src/main/java/com/blade/ioc/bean/ClassDefine.java,ClassDefine.java,71,clover
167,1b2117175c5fcb654e2017469b1b318cfc924e84,src/test/java/com/blade/ioc/FieldInjectorTest.java,FieldInjectorTest.java,19,clover
168,1b2117175c5fcb654e2017469b1b318cfc924e84,src/test/java/com/blade/ioc/ClassDefineTest.java,ClassDefineTest.java,26,clover
169,1b2117175c5fcb654e2017469b1b318cfc924e84,src/main/java/com/blade/test/BladeTestRunner.java,BladeTestRunner.java,42,clover
170,1b2117175c5fcb654e2017469b1b318cfc924e84,src/main/java/com/blade/kit/ReflectKit.java,ReflectKit.java,335,clover
171,1b2117175c5fcb654e2017469b1b318cfc924e84,src/main/java/com/blade/kit/ReflectKit.java,ReflectKit.java,336,clover
172,1b2117175c5fcb654e2017469b1b318cfc924e84,src/main/java/com/blade/kit/ReflectKit.java,ReflectKit.java,342,clover
173,1b2117175c5fcb654e2017469b1b318cfc924e84,src/main/java/com/blade/kit/ReflectKit.java,ReflectKit.java,343,clover
174,1b2117175c5fcb654e2017469b1b318cfc924e84,src/main/java/com/blade/kit/ReflectKit.java,ReflectKit.java,347,clover
175,1b2117175c5fcb654e2017469b1b318cfc924e84,src/main/java/com/blade/kit/ReflectKit.java,ReflectKit.java,348,clover
176,1b2117175c5fcb654e2017469b1b318cfc924e84,src/main/java/com/blade/kit/IocKit.java,IocKit.java,52,clover
177,1b2117175c5fcb654e2017469b1b318cfc924e84,src/main/java/com/blade/kit/IocKit.java,IocKit.java,75,clover
178,1b2117175c5fcb654e2017469b1b318cfc924e84,src/main/java/com/blade/kit/IocKit.java,IocKit.java,79,clover
179,1b2117175c5fcb654e2017469b1b318cfc924e84,src/main/java/com/blade/kit/BeanKit.java,BeanKit.java,51,clover
180,1b2117175c5fcb654e2017469b1b318cfc924e84,src/main/java/com/blade/kit/BeanKit.java,BeanKit.java,53,clover
181,1b2117175c5fcb654e2017469b1b318cfc924e84,src/main/java/com/blade/kit/BeanKit.java,BeanKit.java,58,clover
182,1b2117175c5fcb654e2017469b1b318cfc924e84,src/main/java/com/blade/kit/BeanKit.java,BeanKit.java,61,clover
183,1b2117175c5fcb654e2017469b1b318cfc924e84,src/main/java/com/blade/kit/json/BeanSerializer.java,BeanSerializer.java,63,clover
184,1b2117175c5fcb654e2017469b1b318cfc924e84,src/main/java/com/blade/kit/json/BeanSerializer.java,BeanSerializer.java,142,clover
185,1b2117175c5fcb654e2017469b1b318cfc924e84,src/main/java/com/blade/kit/json/BeanSerializer.java,BeanSerializer.java,242,clover
186,1b2117175c5fcb654e2017469b1b318cfc924e84,src/main/java/com/blade/ioc/bean/FieldInjector.java,FieldInjector.java,57,clover
187,1b2117175c5fcb654e2017469b1b318cfc924e84,src/main/java/com/blade/ioc/bean/ClassDefine.java,ClassDefine.java,71,clover
188,89761bd3a3a6098ec3d4ffd3729c02b9f3e5b5d3,src/test/java/com/blade/ioc/FieldInjectorTest.java,FieldInjectorTest.java,19,clover
189,89761bd3a3a6098ec3d4ffd3729c02b9f3e5b5d3,src/test/java/com/blade/ioc/ClassDefineTest.java,ClassDefineTest.java,26,clover
190,89761bd3a3a6098ec3d4ffd3729c02b9f3e5b5d3,src/main/java/com/blade/test/BladeTestRunner.java,BladeTestRunner.java,42,clover
191,89761bd3a3a6098ec3d4ffd3729c02b9f3e5b5d3,src/main/java/com/blade/kit/ReflectKit.java,ReflectKit.java,335,clover
192,89761bd3a3a6098ec3d4ffd3729c02b9f3e5b5d3,src/main/java/com/blade/kit/ReflectKit.java,ReflectKit.java,336,clover
193,89761bd3a3a6098ec3d4ffd3729c02b9f3e5b5d3,src/main/java/com/blade/kit/ReflectKit.java,ReflectKit.java,342,clover
194,89761bd3a3a6098ec3d4ffd3729c02b9f3e5b5d3,src/main/java/com/blade/kit/ReflectKit.java,ReflectKit.java,343,clover
195,89761bd3a3a6098ec3d4ffd3729c02b9f3e5b5d3,src/main/java/com/blade/kit/ReflectKit.java,ReflectKit.java,347,clover
196,89761bd3a3a6098ec3d4ffd3729c02b9f3e5b5d3,src/main/java/com/blade/kit/ReflectKit.java,ReflectKit.java,348,clover
197,89761bd3a3a6098ec3d4ffd3729c02b9f3e5b5d3,src/main/java/com/blade/kit/IocKit.java,IocKit.java,52,clover
198,89761bd3a3a6098ec3d4ffd3729c02b9f3e5b5d3,src/main/java/com/blade/kit/IocKit.java,IocKit.java,75,clover
199,89761bd3a3a6098ec3d4ffd3729c02b9f3e5b5d3,src/main/java/com/blade/kit/IocKit.java,IocKit.java,79,clover
200,89761bd3a3a6098ec3d4ffd3729c02b9f3e5b5d3,src/main/java/com/blade/kit/BeanKit.java,BeanKit.java,51,clover
201,89761bd3a3a6098ec3d4ffd3729c02b9f3e5b5d3,src/main/java/com/blade/kit/BeanKit.java,BeanKit.java,53,clover
202,89761bd3a3a6098ec3d4ffd3729c02b9f3e5b5d3,src/main/java/com/blade/kit/BeanKit.java,BeanKit.java,58,clover
203,89761bd3a3a6098ec3d4ffd3729c02b9f3e5b5d3,src/main/java/com/blade/kit/BeanKit.java,BeanKit.java,61,clover
204,89761bd3a3a6098ec3d4ffd3729c02b9f3e5b5d3,src/main/java/com/blade/kit/json/BeanSerializer.java,BeanSerializer.java,63,clover
205,89761bd3a3a6098ec3d4ffd3729c02b9f3e5b5d3,src/main/java/com/blade/kit/json/BeanSerializer.java,BeanSerializer.java,142,clover
206,89761bd3a3a6098ec3d4ffd3729c02b9f3e5b5d3,src/main/java/com/blade/kit/json/BeanSerializer.java,BeanSerializer.java,242,clover
207,89761bd3a3a6098ec3d4ffd3729c02b9f3e5b5d3,src/main/java/com/blade/ioc/bean/FieldInjector.java,FieldInjector.java,57,clover
208,89761bd3a3a6098ec3d4ffd3729c02b9f3e5b5d3,src/main/java/com/blade/ioc/bean/ClassDefine.java,ClassDefine.java,71,clover
209,9e42585d067f3cd3cce871b094aa691a3bd1ed3d,src/test/java/com/blade/ioc/FieldInjectorTest.java,FieldInjectorTest.java,19,clover
210,9e42585d067f3cd3cce871b094aa691a3bd1ed3d,src/test/java/com/blade/ioc/ClassDefineTest.java,ClassDefineTest.java,26,clover
211,9e42585d067f3cd3cce871b094aa691a3bd1ed3d,src/main/java/com/blade/test/BladeTestRunner.java,BladeTestRunner.java,42,clover
212,9e42585d067f3cd3cce871b094aa691a3bd1ed3d,src/main/java/com/blade/kit/ReflectKit.java,ReflectKit.java,335,clover
213,9e42585d067f3cd3cce871b094aa691a3bd1ed3d,src/main/java/com/blade/kit/ReflectKit.java,ReflectKit.java,336,clover
214,9e42585d067f3cd3cce871b094aa691a3bd1ed3d,src/main/java/com/blade/kit/ReflectKit.java,ReflectKit.java,342,clover
215,9e42585d067f3cd3cce871b094aa691a3bd1ed3d,src/main/java/com/blade/kit/ReflectKit.java,ReflectKit.java,343,clover
216,9e42585d067f3cd3cce871b094aa691a3bd1ed3d,src/main/java/com/blade/kit/ReflectKit.java,ReflectKit.java,347,clover
217,9e42585d067f3cd3cce871b094aa691a3bd1ed3d,src/main/java/com/blade/kit/ReflectKit.java,ReflectKit.java,348,clover
218,9e42585d067f3cd3cce871b094aa691a3bd1ed3d,src/main/java/com/blade/kit/IocKit.java,IocKit.java,52,clover
219,9e42585d067f3cd3cce871b094aa691a3bd1ed3d,src/main/java/com/blade/kit/IocKit.java,IocKit.java,75,clover
220,9e42585d067f3cd3cce871b094aa691a3bd1ed3d,src/main/java/com/blade/kit/IocKit.java,IocKit.java,79,clover
221,9e42585d067f3cd3cce871b094aa691a3bd1ed3d,src/main/java/com/blade/kit/BeanKit.java,BeanKit.java,51,clover
222,9e42585d067f3cd3cce871b094aa691a3bd1ed3d,src/main/java/com/blade/kit/BeanKit.java,BeanKit.java,53,clover
223,9e42585d067f3cd3cce871b094aa691a3bd1ed3d,src/main/java/com/blade/kit/BeanKit.java,BeanKit.java,58,clover
224,9e42585d067f3cd3cce871b094aa691a3bd1ed3d,src/main/java/com/blade/kit/BeanKit.java,BeanKit.java,61,clover
225,9e42585d067f3cd3cce871b094aa691a3bd1ed3d,src/main/java/com/blade/kit/json/BeanSerializer.java,BeanSerializer.java,63,clover
226,9e42585d067f3cd3cce871b094aa691a3bd1ed3d,src/main/java/com/blade/kit/json/BeanSerializer.java,BeanSerializer.java,142,clover
227,9e42585d067f3cd3cce871b094aa691a3bd1ed3d,src/main/java/com/blade/kit/json/BeanSerializer.java,BeanSerializer.java,242,clover
228,9e42585d067f3cd3cce871b094aa691a3bd1ed3d,src/main/java/com/blade/ioc/bean/FieldInjector.java,FieldInjector.java,57,clover
229,9e42585d067f3cd3cce871b094aa691a3bd1ed3d,src/main/java/com/blade/ioc/bean/ClassDefine.java,ClassDefine.java,71,clover
230,4af9cd9622044c6b97af4e92a53ce39534631cce,src/test/java/com/blade/ioc/FieldInjectorTest.java,FieldInjectorTest.java,19,clover
231,4af9cd9622044c6b97af4e92a53ce39534631cce,src/test/java/com/blade/ioc/ClassDefineTest.java,ClassDefineTest.java,26,clover
232,4af9cd9622044c6b97af4e92a53ce39534631cce,src/main/java/com/blade/test/BladeTestRunner.java,BladeTestRunner.java,42,clover
233,4af9cd9622044c6b97af4e92a53ce39534631cce,src/main/java/com/blade/kit/ReflectKit.java,ReflectKit.java,335,clover
234,4af9cd9622044c6b97af4e92a53ce39534631cce,src/main/java/com/blade/kit/ReflectKit.java,ReflectKit.java,336,clover
235,4af9cd9622044c6b97af4e92a53ce39534631cce,src/main/java/com/blade/kit/ReflectKit.java,ReflectKit.java,342,clover
236,4af9cd9622044c6b97af4e92a53ce39534631cce,src/main/java/com/blade/kit/ReflectKit.java,ReflectKit.java,343,clover
237,4af9cd9622044c6b97af4e92a53ce39534631cce,src/main/java/com/blade/kit/ReflectKit.java,ReflectKit.java,347,clover
238,4af9cd9622044c6b97af4e92a53ce39534631cce,src/main/java/com/blade/kit/ReflectKit.java,ReflectKit.java,348,clover
239,4af9cd9622044c6b97af4e92a53ce39534631cce,src/main/java/com/blade/kit/IocKit.java,IocKit.java,52,clover
240,4af9cd9622044c6b97af4e92a53ce39534631cce,src/main/java/com/blade/kit/IocKit.java,IocKit.java,75,clover
241,4af9cd9622044c6b97af4e92a53ce39534631cce,src/main/java/com/blade/kit/IocKit.java,IocKit.java,79,clover
242,4af9cd9622044c6b97af4e92a53ce39534631cce,src/main/java/com/blade/kit/BeanKit.java,BeanKit.java,51,clover
243,4af9cd9622044c6b97af4e92a53ce39534631cce,src/main/java/com/blade/kit/BeanKit.java,BeanKit.java,53,clover
244,4af9cd9622044c6b97af4e92a53ce39534631cce,src/main/java/com/blade/kit/BeanKit.java,BeanKit.java,58,clover
245,4af9cd9622044c6b97af4e92a53ce39534631cce,src/main/java/com/blade/kit/BeanKit.java,BeanKit.java,61,clover
246,4af9cd9622044c6b97af4e92a53ce39534631cce,src/main/java/com/blade/kit/json/BeanSerializer.java,BeanSerializer.java,63,clover
247,4af9cd9622044c6b97af4e92a53ce39534631cce,src/main/java/com/blade/kit/json/BeanSerializer.java,BeanSerializer.java,142,clover
248,4af9cd9622044c6b97af4e92a53ce39534631cce,src/main/java/com/blade/kit/json/BeanSerializer.java,BeanSerializer.java,242,clover
249,4af9cd9622044c6b97af4e92a53ce39534631cce,src/main/java/com/blade/ioc/bean/FieldInjector.java,FieldInjector.java,57,clover
250,4af9cd9622044c6b97af4e92a53ce39534631cce,src/main/java/com/blade/ioc/bean/ClassDefine.java,ClassDefine.java,71,clover
251,12faed24973e7d1828a9b97ad2c9e291aa6cce14,src/test/java/com/blade/ioc/FieldInjectorTest.java,FieldInjectorTest.java,19,clover
252,12faed24973e7d1828a9b97ad2c9e291aa6cce14,src/test/java/com/blade/ioc/ClassDefineTest.java,ClassDefineTest.java,26,clover
253,12faed24973e7d1828a9b97ad2c9e291aa6cce14,src/main/java/com/blade/test/BladeTestRunner.java,BladeTestRunner.java,42,clover
254,12faed24973e7d1828a9b97ad2c9e291aa6cce14,src/main/java/com/blade/kit/ReflectKit.java,ReflectKit.java,333,clover
255,12faed24973e7d1828a9b97ad2c9e291aa6cce14,src/main/java/com/blade/kit/ReflectKit.java,ReflectKit.java,334,clover
256,12faed24973e7d1828a9b97ad2c9e291aa6cce14,src/main/java/com/blade/kit/ReflectKit.java,ReflectKit.java,340,clover
257,12faed24973e7d1828a9b97ad2c9e291aa6cce14,src/main/java/com/blade/kit/ReflectKit.java,ReflectKit.java,341,clover
258,12faed24973e7d1828a9b97ad2c9e291aa6cce14,src/main/java/com/blade/kit/ReflectKit.java,ReflectKit.java,345,clover
259,12faed24973e7d1828a9b97ad2c9e291aa6cce14,src/main/java/com/blade/kit/ReflectKit.java,ReflectKit.java,346,clover
260,12faed24973e7d1828a9b97ad2c9e291aa6cce14,src/main/java/com/blade/kit/IocKit.java,IocKit.java,52,clover
261,12faed24973e7d1828a9b97ad2c9e291aa6cce14,src/main/java/com/blade/kit/IocKit.java,IocKit.java,75,clover
262,12faed24973e7d1828a9b97ad2c9e291aa6cce14,src/main/java/com/blade/kit/IocKit.java,IocKit.java,79,clover
263,12faed24973e7d1828a9b97ad2c9e291aa6cce14,src/main/java/com/blade/kit/BeanKit.java,BeanKit.java,51,clover
264,12faed24973e7d1828a9b97ad2c9e291aa6cce14,src/main/java/com/blade/kit/BeanKit.java,BeanKit.java,53,clover
265,12faed24973e7d1828a9b97ad2c9e291aa6cce14,src/main/java/com/blade/kit/BeanKit.java,BeanKit.java,58,clover
266,12faed24973e7d1828a9b97ad2c9e291aa6cce14,src/main/java/com/blade/kit/BeanKit.java,BeanKit.java,61,clover
267,12faed24973e7d1828a9b97ad2c9e291aa6cce14,src/main/java/com/blade/kit/json/BeanSerializer.java,BeanSerializer.java,58,clover
268,12faed24973e7d1828a9b97ad2c9e291aa6cce14,src/main/java/com/blade/kit/json/BeanSerializer.java,BeanSerializer.java,137,clover
269,12faed24973e7d1828a9b97ad2c9e291aa6cce14,src/main/java/com/blade/kit/json/BeanSerializer.java,BeanSerializer.java,237,clover
270,12faed24973e7d1828a9b97ad2c9e291aa6cce14,src/main/java/com/blade/ioc/bean/FieldInjector.java,FieldInjector.java,57,clover
271,12faed24973e7d1828a9b97ad2c9e291aa6cce14,src/main/java/com/blade/ioc/bean/ClassDefine.java,ClassDefine.java,71,clover
272,55bd1091b47ccbaf797fa96a929e3292099fd61a,src/test/java/com/blade/ioc/FieldInjectorTest.java,FieldInjectorTest.java,19,clover
273,55bd1091b47ccbaf797fa96a929e3292099fd61a,src/test/java/com/blade/ioc/ClassDefineTest.java,ClassDefineTest.java,26,clover
274,55bd1091b47ccbaf797fa96a929e3292099fd61a,src/main/java/com/blade/test/BladeTestRunner.java,BladeTestRunner.java,42,clover
275,55bd1091b47ccbaf797fa96a929e3292099fd61a,src/main/java/com/blade/kit/ReflectKit.java,ReflectKit.java,333,clover
276,55bd1091b47ccbaf797fa96a929e3292099fd61a,src/main/java/com/blade/kit/ReflectKit.java,ReflectKit.java,334,clover
277,55bd1091b47ccbaf797fa96a929e3292099fd61a,src/main/java/com/blade/kit/ReflectKit.java,ReflectKit.java,340,clover
278,55bd1091b47ccbaf797fa96a929e3292099fd61a,src/main/java/com/blade/kit/ReflectKit.java,ReflectKit.java,341,clover
279,55bd1091b47ccbaf797fa96a929e3292099fd61a,src/main/java/com/blade/kit/ReflectKit.java,ReflectKit.java,345,clover
280,55bd1091b47ccbaf797fa96a929e3292099fd61a,src/main/java/com/blade/kit/ReflectKit.java,ReflectKit.java,346,clover
281,55bd1091b47ccbaf797fa96a929e3292099fd61a,src/main/java/com/blade/kit/IocKit.java,IocKit.java,52,clover
282,55bd1091b47ccbaf797fa96a929e3292099fd61a,src/main/java/com/blade/kit/IocKit.java,IocKit.java,75,clover
283,55bd1091b47ccbaf797fa96a929e3292099fd61a,src/main/java/com/blade/kit/IocKit.java,IocKit.java,79,clover
284,55bd1091b47ccbaf797fa96a929e3292099fd61a,src/main/java/com/blade/kit/BeanKit.java,BeanKit.java,51,clover
285,55bd1091b47ccbaf797fa96a929e3292099fd61a,src/main/java/com/blade/kit/BeanKit.java,BeanKit.java,53,clover
286,55bd1091b47ccbaf797fa96a929e3292099fd61a,src/main/java/com/blade/kit/BeanKit.java,BeanKit.java,58,clover
287,55bd1091b47ccbaf797fa96a929e3292099fd61a,src/main/java/com/blade/kit/BeanKit.java,BeanKit.java,61,clover
288,55bd1091b47ccbaf797fa96a929e3292099fd61a,src/main/java/com/blade/kit/json/BeanSerializer.java,BeanSerializer.java,58,clover
289,55bd1091b47ccbaf797fa96a929e3292099fd61a,src/main/java/com/blade/kit/json/BeanSerializer.java,BeanSerializer.java,137,clover
290,55bd1091b47ccbaf797fa96a929e3292099fd61a,src/main/java/com/blade/kit/json/BeanSerializer.java,BeanSerializer.java,237,clover
291,55bd1091b47ccbaf797fa96a929e3292099fd61a,src/main/java/com/blade/ioc/bean/FieldInjector.java,FieldInjector.java,57,clover
292,55bd1091b47ccbaf797fa96a929e3292099fd61a,src/main/java/com/blade/ioc/bean/ClassDefine.java,ClassDefine.java,71,clover
293,0ed64d9aa3bfc874d27efdfcbeafbe1388683a20,src/test/java/com/blade/ioc/FieldInjectorTest.java,FieldInjectorTest.java,19,clover
294,0ed64d9aa3bfc874d27efdfcbeafbe1388683a20,src/test/java/com/blade/ioc/ClassDefineTest.java,ClassDefineTest.java,26,clover
295,0ed64d9aa3bfc874d27efdfcbeafbe1388683a20,src/main/java/com/blade/test/BladeTestRunner.java,BladeTestRunner.java,42,clover
296,0ed64d9aa3bfc874d27efdfcbeafbe1388683a20,src/main/java/com/blade/kit/ReflectKit.java,ReflectKit.java,333,clover
297,0ed64d9aa3bfc874d27efdfcbeafbe1388683a20,src/main/java/com/blade/kit/ReflectKit.java,ReflectKit.java,334,clover
298,0ed64d9aa3bfc874d27efdfcbeafbe1388683a20,src/main/java/com/blade/kit/ReflectKit.java,ReflectKit.java,340,clover
299,0ed64d9aa3bfc874d27efdfcbeafbe1388683a20,src/main/java/com/blade/kit/ReflectKit.java,ReflectKit.java,341,clover
300,0ed64d9aa3bfc874d27efdfcbeafbe1388683a20,src/main/java/com/blade/kit/ReflectKit.java,ReflectKit.java,345,clover
301,0ed64d9aa3bfc874d27efdfcbeafbe1388683a20,src/main/java/com/blade/kit/ReflectKit.java,ReflectKit.java,346,clover
302,0ed64d9aa3bfc874d27efdfcbeafbe1388683a20,src/main/java/com/blade/kit/IocKit.java,IocKit.java,52,clover
303,0ed64d9aa3bfc874d27efdfcbeafbe1388683a20,src/main/java/com/blade/kit/IocKit.java,IocKit.java,75,clover
304,0ed64d9aa3bfc874d27efdfcbeafbe1388683a20,src/main/java/com/blade/kit/IocKit.java,IocKit.java,79,clover
305,0ed64d9aa3bfc874d27efdfcbeafbe1388683a20,src/main/java/com/blade/kit/BeanKit.java,BeanKit.java,51,clover
306,0ed64d9aa3bfc874d27efdfcbeafbe1388683a20,src/main/java/com/blade/kit/BeanKit.java,BeanKit.java,53,clover
307,0ed64d9aa3bfc874d27efdfcbeafbe1388683a20,src/main/java/com/blade/kit/BeanKit.java,BeanKit.java,58,clover
308,0ed64d9aa3bfc874d27efdfcbeafbe1388683a20,src/main/java/com/blade/kit/BeanKit.java,BeanKit.java,61,clover
309,0ed64d9aa3bfc874d27efdfcbeafbe1388683a20,src/main/java/com/blade/kit/json/BeanSerializer.java,BeanSerializer.java,58,clover
310,0ed64d9aa3bfc874d27efdfcbeafbe1388683a20,src/main/java/com/blade/kit/json/BeanSerializer.java,BeanSerializer.java,137,clover
311,0ed64d9aa3bfc874d27efdfcbeafbe1388683a20,src/main/java/com/blade/kit/json/BeanSerializer.java,BeanSerializer.java,237,clover
312,0ed64d9aa3bfc874d27efdfcbeafbe1388683a20,src/main/java/com/blade/ioc/bean/FieldInjector.java,FieldInjector.java,57,clover
313,0ed64d9aa3bfc874d27efdfcbeafbe1388683a20,src/main/java/com/blade/ioc/bean/ClassDefine.java,ClassDefine.java,71,clover
314,70ecb9a3d349438c3ae89c5fca8bdd29b3a6b8a4,src/test/java/com/blade/ioc/FieldInjectorTest.java,FieldInjectorTest.java,19,clover
315,70ecb9a3d349438c3ae89c5fca8bdd29b3a6b8a4,src/test/java/com/blade/ioc/ClassDefineTest.java,ClassDefineTest.java,26,clover
316,70ecb9a3d349438c3ae89c5fca8bdd29b3a6b8a4,src/main/java/com/blade/test/BladeTestRunner.java,BladeTestRunner.java,42,clover
317,70ecb9a3d349438c3ae89c5fca8bdd29b3a6b8a4,src/main/java/com/blade/kit/ReflectKit.java,ReflectKit.java,333,clover
318,70ecb9a3d349438c3ae89c5fca8bdd29b3a6b8a4,src/main/java/com/blade/kit/ReflectKit.java,ReflectKit.java,334,clover
319,70ecb9a3d349438c3ae89c5fca8bdd29b3a6b8a4,src/main/java/com/blade/kit/ReflectKit.java,ReflectKit.java,340,clover
320,70ecb9a3d349438c3ae89c5fca8bdd29b3a6b8a4,src/main/java/com/blade/kit/ReflectKit.java,ReflectKit.java,341,clover
321,70ecb9a3d349438c3ae89c5fca8bdd29b3a6b8a4,src/main/java/com/blade/kit/ReflectKit.java,ReflectKit.java,345,clover
322,70ecb9a3d349438c3ae89c5fca8bdd29b3a6b8a4,src/main/java/com/blade/kit/ReflectKit.java,ReflectKit.java,346,clover
323,70ecb9a3d349438c3ae89c5fca8bdd29b3a6b8a4,src/main/java/com/blade/kit/IocKit.java,IocKit.java,52,clover
324,70ecb9a3d349438c3ae89c5fca8bdd29b3a6b8a4,src/main/java/com/blade/kit/IocKit.java,IocKit.java,75,clover
325,70ecb9a3d349438c3ae89c5fca8bdd29b3a6b8a4,src/main/java/com/blade/kit/IocKit.java,IocKit.java,79,clover
326,70ecb9a3d349438c3ae89c5fca8bdd29b3a6b8a4,src/main/java/com/blade/kit/BeanKit.java,BeanKit.java,51,clover
327,70ecb9a3d349438c3ae89c5fca8bdd29b3a6b8a4,src/main/java/com/blade/kit/BeanKit.java,BeanKit.java,53,clover
328,70ecb9a3d349438c3ae89c5fca8bdd29b3a6b8a4,src/main/java/com/blade/kit/BeanKit.java,BeanKit.java,58,clover
329,70ecb9a3d349438c3ae89c5fca8bdd29b3a6b8a4,src/main/java/com/blade/kit/BeanKit.java,BeanKit.java,61,clover
330,70ecb9a3d349438c3ae89c5fca8bdd29b3a6b8a4,src/main/java/com/blade/kit/json/BeanSerializer.java,BeanSerializer.java,58,clover
331,70ecb9a3d349438c3ae89c5fca8bdd29b3a6b8a4,src/main/java/com/blade/kit/json/BeanSerializer.java,BeanSerializer.java,137,clover
332,70ecb9a3d349438c3ae89c5fca8bdd29b3a6b8a4,src/main/java/com/blade/kit/json/BeanSerializer.java,BeanSerializer.java,237,clover
333,70ecb9a3d349438c3ae89c5fca8bdd29b3a6b8a4,src/main/java/com/blade/ioc/bean/FieldInjector.java,FieldInjector.java,57,clover
334,70ecb9a3d349438c3ae89c5fca8bdd29b3a6b8a4,src/main/java/com/blade/ioc/bean/ClassDefine.java,ClassDefine.java,71,clover
335,b1ad00161d50c529b28d4c562155d85c705ace04,src/test/java/com/blade/ioc/FieldInjectorTest.java,FieldInjectorTest.java,19,clover
336,b1ad00161d50c529b28d4c562155d85c705ace04,src/test/java/com/blade/ioc/ClassDefineTest.java,ClassDefineTest.java,26,clover
337,b1ad00161d50c529b28d4c562155d85c705ace04,src/main/java/com/blade/test/BladeTestRunner.java,BladeTestRunner.java,42,clover
338,b1ad00161d50c529b28d4c562155d85c705ace04,src/main/java/com/blade/kit/ReflectKit.java,ReflectKit.java,333,clover
339,b1ad00161d50c529b28d4c562155d85c705ace04,src/main/java/com/blade/kit/ReflectKit.java,ReflectKit.java,334,clover
340,b1ad00161d50c529b28d4c562155d85c705ace04,src/main/java/com/blade/kit/ReflectKit.java,ReflectKit.java,340,clover
341,b1ad00161d50c529b28d4c562155d85c705ace04,src/main/java/com/blade/kit/ReflectKit.java,ReflectKit.java,341,clover
342,b1ad00161d50c529b28d4c562155d85c705ace04,src/main/java/com/blade/kit/ReflectKit.java,ReflectKit.java,345,clover
343,b1ad00161d50c529b28d4c562155d85c705ace04,src/main/java/com/blade/kit/ReflectKit.java,ReflectKit.java,346,clover
344,b1ad00161d50c529b28d4c562155d85c705ace04,src/main/java/com/blade/kit/IocKit.java,IocKit.java,52,clover
345,b1ad00161d50c529b28d4c562155d85c705ace04,src/main/java/com/blade/kit/IocKit.java,IocKit.java,75,clover
346,b1ad00161d50c529b28d4c562155d85c705ace04,src/main/java/com/blade/kit/IocKit.java,IocKit.java,79,clover
347,b1ad00161d50c529b28d4c562155d85c705ace04,src/main/java/com/blade/kit/BeanKit.java,BeanKit.java,51,clover
348,b1ad00161d50c529b28d4c562155d85c705ace04,src/main/java/com/blade/kit/BeanKit.java,BeanKit.java,53,clover
349,b1ad00161d50c529b28d4c562155d85c705ace04,src/main/java/com/blade/kit/BeanKit.java,BeanKit.java,58,clover
350,b1ad00161d50c529b28d4c562155d85c705ace04,src/main/java/com/blade/kit/BeanKit.java,BeanKit.java,61,clover
351,b1ad00161d50c529b28d4c562155d85c705ace04,src/main/java/com/blade/kit/json/BeanSerializer.java,BeanSerializer.java,58,clover
352,b1ad00161d50c529b28d4c562155d85c705ace04,src/main/java/com/blade/kit/json/BeanSerializer.java,BeanSerializer.java,137,clover
353,b1ad00161d50c529b28d4c562155d85c705ace04,src/main/java/com/blade/kit/json/BeanSerializer.java,BeanSerializer.java,237,clover
354,b1ad00161d50c529b28d4c562155d85c705ace04,src/main/java/com/blade/ioc/bean/FieldInjector.java,FieldInjector.java,57,clover
355,b1ad00161d50c529b28d4c562155d85c705ace04,src/main/java/com/blade/ioc/bean/ClassDefine.java,ClassDefine.java,71,clover
356,e937ee4a57e8aafaaf566d7dd2e624b3a963edea,src/test/java/com/blade/ioc/FieldInjectorTest.java,FieldInjectorTest.java,19,clover
357,e937ee4a57e8aafaaf566d7dd2e624b3a963edea,src/test/java/com/blade/ioc/ClassDefineTest.java,ClassDefineTest.java,26,clover
358,e937ee4a57e8aafaaf566d7dd2e624b3a963edea,src/main/java/com/blade/test/BladeTestRunner.java,BladeTestRunner.java,42,clover
359,e937ee4a57e8aafaaf566d7dd2e624b3a963edea,src/main/java/com/blade/kit/ReflectKit.java,ReflectKit.java,333,clover
360,e937ee4a57e8aafaaf566d7dd2e624b3a963edea,src/main/java/com/blade/kit/ReflectKit.java,ReflectKit.java,334,clover
361,e937ee4a57e8aafaaf566d7dd2e624b3a963edea,src/main/java/com/blade/kit/ReflectKit.java,ReflectKit.java,340,clover
362,e937ee4a57e8aafaaf566d7dd2e624b3a963edea,src/main/java/com/blade/kit/ReflectKit.java,ReflectKit.java,341,clover
363,e937ee4a57e8aafaaf566d7dd2e624b3a963edea,src/main/java/com/blade/kit/ReflectKit.java,ReflectKit.java,345,clover
364,e937ee4a57e8aafaaf566d7dd2e624b3a963edea,src/main/java/com/blade/kit/ReflectKit.java,ReflectKit.java,346,clover
365,e937ee4a57e8aafaaf566d7dd2e624b3a963edea,src/main/java/com/blade/kit/IocKit.java,IocKit.java,52,clover
366,e937ee4a57e8aafaaf566d7dd2e624b3a963edea,src/main/java/com/blade/kit/IocKit.java,IocKit.java,75,clover
367,e937ee4a57e8aafaaf566d7dd2e624b3a963edea,src/main/java/com/blade/kit/IocKit.java,IocKit.java,79,clover
368,e937ee4a57e8aafaaf566d7dd2e624b3a963edea,src/main/java/com/blade/kit/BeanKit.java,BeanKit.java,51,clover
369,e937ee4a57e8aafaaf566d7dd2e624b3a963edea,src/main/java/com/blade/kit/BeanKit.java,BeanKit.java,53,clover
370,e937ee4a57e8aafaaf566d7dd2e624b3a963edea,src/main/java/com/blade/kit/BeanKit.java,BeanKit.java,58,clover
371,e937ee4a57e8aafaaf566d7dd2e624b3a963edea,src/main/java/com/blade/kit/BeanKit.java,BeanKit.java,61,clover
372,e937ee4a57e8aafaaf566d7dd2e624b3a963edea,src/main/java/com/blade/kit/json/BeanSerializer.java,BeanSerializer.java,58,clover
373,e937ee4a57e8aafaaf566d7dd2e624b3a963edea,src/main/java/com/blade/kit/json/BeanSerializer.java,BeanSerializer.java,137,clover
374,e937ee4a57e8aafaaf566d7dd2e624b3a963edea,src/main/java/com/blade/kit/json/BeanSerializer.java,BeanSerializer.java,237,clover
375,e937ee4a57e8aafaaf566d7dd2e624b3a963edea,src/main/java/com/blade/ioc/bean/FieldInjector.java,FieldInjector.java,57,clover
376,e937ee4a57e8aafaaf566d7dd2e624b3a963edea,src/main/java/com/blade/ioc/bean/ClassDefine.java,ClassDefine.java,71,clover
377,78932f4638af3f74ab55dcce690e1dbf308ec06e,src/test/java/com/blade/ioc/FieldInjectorTest.java,FieldInjectorTest.java,19,clover
378,78932f4638af3f74ab55dcce690e1dbf308ec06e,src/test/java/com/blade/ioc/ClassDefineTest.java,ClassDefineTest.java,26,clover
379,78932f4638af3f74ab55dcce690e1dbf308ec06e,src/main/java/com/blade/test/BladeTestRunner.java,BladeTestRunner.java,42,clover
380,78932f4638af3f74ab55dcce690e1dbf308ec06e,src/main/java/com/blade/kit/ReflectKit.java,ReflectKit.java,335,clover
381,78932f4638af3f74ab55dcce690e1dbf308ec06e,src/main/java/com/blade/kit/ReflectKit.java,ReflectKit.java,336,clover
382,78932f4638af3f74ab55dcce690e1dbf308ec06e,src/main/java/com/blade/kit/ReflectKit.java,ReflectKit.java,342,clover
383,78932f4638af3f74ab55dcce690e1dbf308ec06e,src/main/java/com/blade/kit/ReflectKit.java,ReflectKit.java,343,clover
384,78932f4638af3f74ab55dcce690e1dbf308ec06e,src/main/java/com/blade/kit/ReflectKit.java,ReflectKit.java,347,clover
385,78932f4638af3f74ab55dcce690e1dbf308ec06e,src/main/java/com/blade/kit/ReflectKit.java,ReflectKit.java,348,clover
386,78932f4638af3f74ab55dcce690e1dbf308ec06e,src/main/java/com/blade/kit/IocKit.java,IocKit.java,52,clover
387,78932f4638af3f74ab55dcce690e1dbf308ec06e,src/main/java/com/blade/kit/IocKit.java,IocKit.java,75,clover
388,78932f4638af3f74ab55dcce690e1dbf308ec06e,src/main/java/com/blade/kit/IocKit.java,IocKit.java,79,clover
389,78932f4638af3f74ab55dcce690e1dbf308ec06e,src/main/java/com/blade/kit/BeanKit.java,BeanKit.java,51,clover
390,78932f4638af3f74ab55dcce690e1dbf308ec06e,src/main/java/com/blade/kit/BeanKit.java,BeanKit.java,53,clover
391,78932f4638af3f74ab55dcce690e1dbf308ec06e,src/main/java/com/blade/kit/BeanKit.java,BeanKit.java,58,clover
392,78932f4638af3f74ab55dcce690e1dbf308ec06e,src/main/java/com/blade/kit/BeanKit.java,BeanKit.java,61,clover
393,78932f4638af3f74ab55dcce690e1dbf308ec06e,src/main/java/com/blade/kit/json/BeanSerializer.java,BeanSerializer.java,62,clover
394,78932f4638af3f74ab55dcce690e1dbf308ec06e,src/main/java/com/blade/kit/json/BeanSerializer.java,BeanSerializer.java,141,clover
395,78932f4638af3f74ab55dcce690e1dbf308ec06e,src/main/java/com/blade/kit/json/BeanSerializer.java,BeanSerializer.java,241,clover
396,78932f4638af3f74ab55dcce690e1dbf308ec06e,src/main/java/com/blade/ioc/bean/FieldInjector.java,FieldInjector.java,57,clover
397,78932f4638af3f74ab55dcce690e1dbf308ec06e,src/main/java/com/blade/ioc/bean/ClassDefine.java,ClassDefine.java,71,clover
398,08df513e76aec11a06ebc3528b2ecbe751468dc1,src/test/java/com/blade/ioc/FieldInjectorTest.java,FieldInjectorTest.java,19,clover
399,08df513e76aec11a06ebc3528b2ecbe751468dc1,src/test/java/com/blade/ioc/ClassDefineTest.java,ClassDefineTest.java,26,clover
400,08df513e76aec11a06ebc3528b2ecbe751468dc1,src/main/java/com/blade/test/BladeTestRunner.java,BladeTestRunner.java,42,clover
401,08df513e76aec11a06ebc3528b2ecbe751468dc1,src/main/java/com/blade/kit/ReflectKit.java,ReflectKit.java,333,clover
402,08df513e76aec11a06ebc3528b2ecbe751468dc1,src/main/java/com/blade/kit/ReflectKit.java,ReflectKit.java,334,clover
403,08df513e76aec11a06ebc3528b2ecbe751468dc1,src/main/java/com/blade/kit/ReflectKit.java,ReflectKit.java,340,clover
404,08df513e76aec11a06ebc3528b2ecbe751468dc1,src/main/java/com/blade/kit/ReflectKit.java,ReflectKit.java,341,clover
405,08df513e76aec11a06ebc3528b2ecbe751468dc1,src/main/java/com/blade/kit/ReflectKit.java,ReflectKit.java,345,clover
406,08df513e76aec11a06ebc3528b2ecbe751468dc1,src/main/java/com/blade/kit/ReflectKit.java,ReflectKit.java,346,clover
407,08df513e76aec11a06ebc3528b2ecbe751468dc1,src/main/java/com/blade/kit/IocKit.java,IocKit.java,52,clover
408,08df513e76aec11a06ebc3528b2ecbe751468dc1,src/main/java/com/blade/kit/IocKit.java,IocKit.java,75,clover
409,08df513e76aec11a06ebc3528b2ecbe751468dc1,src/main/java/com/blade/kit/IocKit.java,IocKit.java,79,clover
410,08df513e76aec11a06ebc3528b2ecbe751468dc1,src/main/java/com/blade/kit/BeanKit.java,BeanKit.java,51,clover
411,08df513e76aec11a06ebc3528b2ecbe751468dc1,src/main/java/com/blade/kit/BeanKit.java,BeanKit.java,53,clover
412,08df513e76aec11a06ebc3528b2ecbe751468dc1,src/main/java/com/blade/kit/BeanKit.java,BeanKit.java,58,clover
413,08df513e76aec11a06ebc3528b2ecbe751468dc1,src/main/java/com/blade/kit/BeanKit.java,BeanKit.java,61,clover
414,08df513e76aec11a06ebc3528b2ecbe751468dc1,src/main/java/com/blade/kit/json/BeanSerializer.java,BeanSerializer.java,59,clover
415,08df513e76aec11a06ebc3528b2ecbe751468dc1,src/main/java/com/blade/kit/json/BeanSerializer.java,BeanSerializer.java,138,clover
416,08df513e76aec11a06ebc3528b2ecbe751468dc1,src/main/java/com/blade/kit/json/BeanSerializer.java,BeanSerializer.java,238,clover
417,08df513e76aec11a06ebc3528b2ecbe751468dc1,src/main/java/com/blade/ioc/bean/FieldInjector.java,FieldInjector.java,57,clover
418,08df513e76aec11a06ebc3528b2ecbe751468dc1,src/main/java/com/blade/ioc/bean/ClassDefine.java,ClassDefine.java,71,clover
419,2784e378a190177349797d2724c1ef6a469b7e17,src/test/java/com/blade/ioc/FieldInjectorTest.java,FieldInjectorTest.java,19,clover
420,2784e378a190177349797d2724c1ef6a469b7e17,src/test/java/com/blade/ioc/ClassDefineTest.java,ClassDefineTest.java,26,clover
421,2784e378a190177349797d2724c1ef6a469b7e17,src/main/java/com/blade/test/BladeTestRunner.java,BladeTestRunner.java,42,clover
422,2784e378a190177349797d2724c1ef6a469b7e17,src/main/java/com/blade/kit/ReflectKit.java,ReflectKit.java,333,clover
423,2784e378a190177349797d2724c1ef6a469b7e17,src/main/java/com/blade/kit/ReflectKit.java,ReflectKit.java,334,clover
424,2784e378a190177349797d2724c1ef6a469b7e17,src/main/java/com/blade/kit/ReflectKit.java,ReflectKit.java,340,clover
425,2784e378a190177349797d2724c1ef6a469b7e17,src/main/java/com/blade/kit/ReflectKit.java,ReflectKit.java,341,clover
426,2784e378a190177349797d2724c1ef6a469b7e17,src/main/java/com/blade/kit/ReflectKit.java,ReflectKit.java,345,clover
427,2784e378a190177349797d2724c1ef6a469b7e17,src/main/java/com/blade/kit/ReflectKit.java,ReflectKit.java,346,clover
428,2784e378a190177349797d2724c1ef6a469b7e17,src/main/java/com/blade/kit/IocKit.java,IocKit.java,52,clover
429,2784e378a190177349797d2724c1ef6a469b7e17,src/main/java/com/blade/kit/IocKit.java,IocKit.java,75,clover
430,2784e378a190177349797d2724c1ef6a469b7e17,src/main/java/com/blade/kit/IocKit.java,IocKit.java,79,clover
431,2784e378a190177349797d2724c1ef6a469b7e17,src/main/java/com/blade/kit/BeanKit.java,BeanKit.java,51,clover
432,2784e378a190177349797d2724c1ef6a469b7e17,src/main/java/com/blade/kit/BeanKit.java,BeanKit.java,53,clover
433,2784e378a190177349797d2724c1ef6a469b7e17,src/main/java/com/blade/kit/BeanKit.java,BeanKit.java,58,clover
434,2784e378a190177349797d2724c1ef6a469b7e17,src/main/java/com/blade/kit/BeanKit.java,BeanKit.java,61,clover
435,2784e378a190177349797d2724c1ef6a469b7e17,src/main/java/com/blade/kit/json/BeanSerializer.java,BeanSerializer.java,58,clover
436,2784e378a190177349797d2724c1ef6a469b7e17,src/main/java/com/blade/kit/json/BeanSerializer.java,BeanSerializer.java,137,clover
437,2784e378a190177349797d2724c1ef6a469b7e17,src/main/java/com/blade/kit/json/BeanSerializer.java,BeanSerializer.java,237,clover
438,2784e378a190177349797d2724c1ef6a469b7e17,src/main/java/com/blade/ioc/bean/FieldInjector.java,FieldInjector.java,57,clover
439,2784e378a190177349797d2724c1ef6a469b7e17,src/main/java/com/blade/ioc/bean/ClassDefine.java,ClassDefine.java,71,clover
440,e38adab6c1d353480046eafc0778d943c18620b0,src/test/java/com/blade/ioc/FieldInjectorTest.java,FieldInjectorTest.java,19,clover
441,e38adab6c1d353480046eafc0778d943c18620b0,src/test/java/com/blade/ioc/ClassDefineTest.java,ClassDefineTest.java,26,clover
442,e38adab6c1d353480046eafc0778d943c18620b0,src/main/java/com/blade/test/BladeTestRunner.java,BladeTestRunner.java,42,clover
443,e38adab6c1d353480046eafc0778d943c18620b0,src/main/java/com/blade/kit/ReflectKit.java,ReflectKit.java,333,clover
444,e38adab6c1d353480046eafc0778d943c18620b0,src/main/java/com/blade/kit/ReflectKit.java,ReflectKit.java,334,clover
445,e38adab6c1d353480046eafc0778d943c18620b0,src/main/java/com/blade/kit/ReflectKit.java,ReflectKit.java,340,clover
446,e38adab6c1d353480046eafc0778d943c18620b0,src/main/java/com/blade/kit/ReflectKit.java,ReflectKit.java,341,clover
447,e38adab6c1d353480046eafc0778d943c18620b0,src/main/java/com/blade/kit/ReflectKit.java,ReflectKit.java,345,clover
448,e38adab6c1d353480046eafc0778d943c18620b0,src/main/java/com/blade/kit/ReflectKit.java,ReflectKit.java,346,clover
449,e38adab6c1d353480046eafc0778d943c18620b0,src/main/java/com/blade/kit/IocKit.java,IocKit.java,52,clover
450,e38adab6c1d353480046eafc0778d943c18620b0,src/main/java/com/blade/kit/IocKit.java,IocKit.java,75,clover
451,e38adab6c1d353480046eafc0778d943c18620b0,src/main/java/com/blade/kit/IocKit.java,IocKit.java,79,clover
452,e38adab6c1d353480046eafc0778d943c18620b0,src/main/java/com/blade/kit/BeanKit.java,BeanKit.java,51,clover
453,e38adab6c1d353480046eafc0778d943c18620b0,src/main/java/com/blade/kit/BeanKit.java,BeanKit.java,53,clover
454,e38adab6c1d353480046eafc0778d943c18620b0,src/main/java/com/blade/kit/BeanKit.java,BeanKit.java,58,clover
455,e38adab6c1d353480046eafc0778d943c18620b0,src/main/java/com/blade/kit/BeanKit.java,BeanKit.java,61,clover
456,e38adab6c1d353480046eafc0778d943c18620b0,src/main/java/com/blade/kit/json/BeanSerializer.java,BeanSerializer.java,58,clover
457,e38adab6c1d353480046eafc0778d943c18620b0,src/main/java/com/blade/kit/json/BeanSerializer.java,BeanSerializer.java,137,clover
458,e38adab6c1d353480046eafc0778d943c18620b0,src/main/java/com/blade/kit/json/BeanSerializer.java,BeanSerializer.java,237,clover
459,e38adab6c1d353480046eafc0778d943c18620b0,src/main/java/com/blade/ioc/bean/FieldInjector.java,FieldInjector.java,57,clover
460,e38adab6c1d353480046eafc0778d943c18620b0,src/main/java/com/blade/ioc/bean/ClassDefine.java,ClassDefine.java,71,clover
461,55bd523129e89c198d5b7e18ee6bdf655946904f,src/test/java/com/blade/ioc/FieldInjectorTest.java,FieldInjectorTest.java,19,clover
462,55bd523129e89c198d5b7e18ee6bdf655946904f,src/test/java/com/blade/ioc/ClassDefineTest.java,ClassDefineTest.java,26,clover
463,55bd523129e89c198d5b7e18ee6bdf655946904f,src/main/java/com/blade/test/BladeTestRunner.java,BladeTestRunner.java,42,clover
464,55bd523129e89c198d5b7e18ee6bdf655946904f,src/main/java/com/blade/kit/ReflectKit.java,ReflectKit.java,333,clover
465,55bd523129e89c198d5b7e18ee6bdf655946904f,src/main/java/com/blade/kit/ReflectKit.java,ReflectKit.java,334,clover
466,55bd523129e89c198d5b7e18ee6bdf655946904f,src/main/java/com/blade/kit/ReflectKit.java,ReflectKit.java,340,clover
467,55bd523129e89c198d5b7e18ee6bdf655946904f,src/main/java/com/blade/kit/ReflectKit.java,ReflectKit.java,341,clover
468,55bd523129e89c198d5b7e18ee6bdf655946904f,src/main/java/com/blade/kit/ReflectKit.java,ReflectKit.java,345,clover
469,55bd523129e89c198d5b7e18ee6bdf655946904f,src/main/java/com/blade/kit/ReflectKit.java,ReflectKit.java,346,clover
470,55bd523129e89c198d5b7e18ee6bdf655946904f,src/main/java/com/blade/kit/IocKit.java,IocKit.java,52,clover
471,55bd523129e89c198d5b7e18ee6bdf655946904f,src/main/java/com/blade/kit/IocKit.java,IocKit.java,75,clover
472,55bd523129e89c198d5b7e18ee6bdf655946904f,src/main/java/com/blade/kit/IocKit.java,IocKit.java,79,clover
473,55bd523129e89c198d5b7e18ee6bdf655946904f,src/main/java/com/blade/kit/BeanKit.java,BeanKit.java,51,clover
474,55bd523129e89c198d5b7e18ee6bdf655946904f,src/main/java/com/blade/kit/BeanKit.java,BeanKit.java,53,clover
475,55bd523129e89c198d5b7e18ee6bdf655946904f,src/main/java/com/blade/kit/BeanKit.java,BeanKit.java,58,clover
476,55bd523129e89c198d5b7e18ee6bdf655946904f,src/main/java/com/blade/kit/BeanKit.java,BeanKit.java,61,clover
477,55bd523129e89c198d5b7e18ee6bdf655946904f,src/main/java/com/blade/kit/json/BeanSerializer.java,BeanSerializer.java,58,clover
478,55bd523129e89c198d5b7e18ee6bdf655946904f,src/main/java/com/blade/kit/json/BeanSerializer.java,BeanSerializer.java,137,clover
479,55bd523129e89c198d5b7e18ee6bdf655946904f,src/main/java/com/blade/kit/json/BeanSerializer.java,BeanSerializer.java,237,clover
480,55bd523129e89c198d5b7e18ee6bdf655946904f,src/main/java/com/blade/ioc/bean/FieldInjector.java,FieldInjector.java,57,clover
481,55bd523129e89c198d5b7e18ee6bdf655946904f,src/main/java/com/blade/ioc/bean/ClassDefine.java,ClassDefine.java,71,clover
482,1ad93d57a58ee2f139dba647df3f01dd57d02a33,src/test/java/com/blade/ioc/FieldInjectorTest.java,FieldInjectorTest.java,19,clover
483,1ad93d57a58ee2f139dba647df3f01dd57d02a33,src/test/java/com/blade/ioc/ClassDefineTest.java,ClassDefineTest.java,26,clover
484,1ad93d57a58ee2f139dba647df3f01dd57d02a33,src/main/java/com/blade/test/BladeTestRunner.java,BladeTestRunner.java,42,clover
485,1ad93d57a58ee2f139dba647df3f01dd57d02a33,src/main/java/com/blade/kit/ReflectKit.java,ReflectKit.java,333,clover
486,1ad93d57a58ee2f139dba647df3f01dd57d02a33,src/main/java/com/blade/kit/ReflectKit.java,ReflectKit.java,334,clover
487,1ad93d57a58ee2f139dba647df3f01dd57d02a33,src/main/java/com/blade/kit/ReflectKit.java,ReflectKit.java,340,clover
488,1ad93d57a58ee2f139dba647df3f01dd57d02a33,src/main/java/com/blade/kit/ReflectKit.java,ReflectKit.java,341,clover
489,1ad93d57a58ee2f139dba647df3f01dd57d02a33,src/main/java/com/blade/kit/ReflectKit.java,ReflectKit.java,345,clover
490,1ad93d57a58ee2f139dba647df3f01dd57d02a33,src/main/java/com/blade/kit/ReflectKit.java,ReflectKit.java,346,clover
491,1ad93d57a58ee2f139dba647df3f01dd57d02a33,src/main/java/com/blade/kit/IocKit.java,IocKit.java,52,clover
492,1ad93d57a58ee2f139dba647df3f01dd57d02a33,src/main/java/com/blade/kit/IocKit.java,IocKit.java,75,clover
493,1ad93d57a58ee2f139dba647df3f01dd57d02a33,src/main/java/com/blade/kit/IocKit.java,IocKit.java,79,clover
494,1ad93d57a58ee2f139dba647df3f01dd57d02a33,src/main/java/com/blade/kit/BeanKit.java,BeanKit.java,51,clover
495,1ad93d57a58ee2f139dba647df3f01dd57d02a33,src/main/java/com/blade/kit/BeanKit.java,BeanKit.java,53,clover
496,1ad93d57a58ee2f139dba647df3f01dd57d02a33,src/main/java/com/blade/kit/BeanKit.java,BeanKit.java,58,clover
497,1ad93d57a58ee2f139dba647df3f01dd57d02a33,src/main/java/com/blade/kit/BeanKit.java,BeanKit.java,61,clover
498,1ad93d57a58ee2f139dba647df3f01dd57d02a33,src/main/java/com/blade/kit/json/BeanSerializer.java,BeanSerializer.java,58,clover
499,1ad93d57a58ee2f139dba647df3f01dd57d02a33,src/main/java/com/blade/kit/json/BeanSerializer.java,BeanSerializer.java,137,clover
500,1ad93d57a58ee2f139dba647df3f01dd57d02a33,src/main/java/com/blade/kit/json/BeanSerializer.java,BeanSerializer.java,237,clover
501,1ad93d57a58ee2f139dba647df3f01dd57d02a33,src/main/java/com/blade/ioc/bean/FieldInjector.java,FieldInjector.java,57,clover
502,1ad93d57a58ee2f139dba647df3f01dd57d02a33,src/main/java/com/blade/ioc/bean/ClassDefine.java,ClassDefine.java,71,clover
503,a7ed5c3559ae9d189ad035bc4932bbf2d4612f1f,src/test/java/com/blade/ioc/FieldInjectorTest.java,FieldInjectorTest.java,19,clover
504,a7ed5c3559ae9d189ad035bc4932bbf2d4612f1f,src/test/java/com/blade/ioc/ClassDefineTest.java,ClassDefineTest.java,26,clover
505,a7ed5c3559ae9d189ad035bc4932bbf2d4612f1f,src/main/java/com/blade/test/BladeTestRunner.java,BladeTestRunner.java,42,clover
506,a7ed5c3559ae9d189ad035bc4932bbf2d4612f1f,src/main/java/com/blade/kit/ReflectKit.java,ReflectKit.java,333,clover
507,a7ed5c3559ae9d189ad035bc4932bbf2d4612f1f,src/main/java/com/blade/kit/ReflectKit.java,ReflectKit.java,334,clover
508,a7ed5c3559ae9d189ad035bc4932bbf2d4612f1f,src/main/java/com/blade/kit/ReflectKit.java,ReflectKit.java,340,clover
509,a7ed5c3559ae9d189ad035bc4932bbf2d4612f1f,src/main/java/com/blade/kit/ReflectKit.java,ReflectKit.java,341,clover
510,a7ed5c3559ae9d189ad035bc4932bbf2d4612f1f,src/main/java/com/blade/kit/ReflectKit.java,ReflectKit.java,345,clover
511,a7ed5c3559ae9d189ad035bc4932bbf2d4612f1f,src/main/java/com/blade/kit/ReflectKit.java,ReflectKit.java,346,clover
512,a7ed5c3559ae9d189ad035bc4932bbf2d4612f1f,src/main/java/com/blade/kit/IocKit.java,IocKit.java,52,clover
513,a7ed5c3559ae9d189ad035bc4932bbf2d4612f1f,src/main/java/com/blade/kit/IocKit.java,IocKit.java,75,clover
514,a7ed5c3559ae9d189ad035bc4932bbf2d4612f1f,src/main/java/com/blade/kit/IocKit.java,IocKit.java,79,clover
515,a7ed5c3559ae9d189ad035bc4932bbf2d4612f1f,src/main/java/com/blade/kit/BeanKit.java,BeanKit.java,51,clover
516,a7ed5c3559ae9d189ad035bc4932bbf2d4612f1f,src/main/java/com/blade/kit/BeanKit.java,BeanKit.java,53,clover
517,a7ed5c3559ae9d189ad035bc4932bbf2d4612f1f,src/main/java/com/blade/kit/BeanKit.java,BeanKit.java,58,clover
518,a7ed5c3559ae9d189ad035bc4932bbf2d4612f1f,src/main/java/com/blade/kit/BeanKit.java,BeanKit.java,61,clover
519,a7ed5c3559ae9d189ad035bc4932bbf2d4612f1f,src/main/java/com/blade/kit/json/BeanSerializer.java,BeanSerializer.java,58,clover
520,a7ed5c3559ae9d189ad035bc4932bbf2d4612f1f,src/main/java/com/blade/kit/json/BeanSerializer.java,BeanSerializer.java,137,clover
521,a7ed5c3559ae9d189ad035bc4932bbf2d4612f1f,src/main/java/com/blade/kit/json/BeanSerializer.java,BeanSerializer.java,237,clover
522,a7ed5c3559ae9d189ad035bc4932bbf2d4612f1f,src/main/java/com/blade/ioc/bean/FieldInjector.java,FieldInjector.java,57,clover
523,a7ed5c3559ae9d189ad035bc4932bbf2d4612f1f,src/main/java/com/blade/ioc/bean/ClassDefine.java,ClassDefine.java,71,clover
524,b5ebeec7c3d93417262ad6dc49970285456ecc2f,src/test/java/com/blade/ioc/FieldInjectorTest.java,FieldInjectorTest.java,19,clover
525,b5ebeec7c3d93417262ad6dc49970285456ecc2f,src/test/java/com/blade/ioc/ClassDefineTest.java,ClassDefineTest.java,26,clover
526,b5ebeec7c3d93417262ad6dc49970285456ecc2f,src/main/java/com/blade/test/BladeTestRunner.java,BladeTestRunner.java,42,clover
527,b5ebeec7c3d93417262ad6dc49970285456ecc2f,src/main/java/com/blade/kit/ReflectKit.java,ReflectKit.java,333,clover
528,b5ebeec7c3d93417262ad6dc49970285456ecc2f,src/main/java/com/blade/kit/ReflectKit.java,ReflectKit.java,334,clover
529,b5ebeec7c3d93417262ad6dc49970285456ecc2f,src/main/java/com/blade/kit/ReflectKit.java,ReflectKit.java,340,clover
530,b5ebeec7c3d93417262ad6dc49970285456ecc2f,src/main/java/com/blade/kit/ReflectKit.java,ReflectKit.java,341,clover
531,b5ebeec7c3d93417262ad6dc49970285456ecc2f,src/main/java/com/blade/kit/ReflectKit.java,ReflectKit.java,345,clover
532,b5ebeec7c3d93417262ad6dc49970285456ecc2f,src/main/java/com/blade/kit/ReflectKit.java,ReflectKit.java,346,clover
533,b5ebeec7c3d93417262ad6dc49970285456ecc2f,src/main/java/com/blade/kit/IocKit.java,IocKit.java,52,clover
534,b5ebeec7c3d93417262ad6dc49970285456ecc2f,src/main/java/com/blade/kit/IocKit.java,IocKit.java,75,clover
535,b5ebeec7c3d93417262ad6dc49970285456ecc2f,src/main/java/com/blade/kit/IocKit.java,IocKit.java,79,clover
536,b5ebeec7c3d93417262ad6dc49970285456ecc2f,src/main/java/com/blade/kit/BeanKit.java,BeanKit.java,51,clover
537,b5ebeec7c3d93417262ad6dc49970285456ecc2f,src/main/java/com/blade/kit/BeanKit.java,BeanKit.java,53,clover
538,b5ebeec7c3d93417262ad6dc49970285456ecc2f,src/main/java/com/blade/kit/BeanKit.java,BeanKit.java,58,clover
539,b5ebeec7c3d93417262ad6dc49970285456ecc2f,src/main/java/com/blade/kit/BeanKit.java,BeanKit.java,61,clover
540,b5ebeec7c3d93417262ad6dc49970285456ecc2f,src/main/java/com/blade/kit/json/BeanSerializer.java,BeanSerializer.java,58,clover
541,b5ebeec7c3d93417262ad6dc49970285456ecc2f,src/main/java/com/blade/kit/json/BeanSerializer.java,BeanSerializer.java,137,clover
542,b5ebeec7c3d93417262ad6dc49970285456ecc2f,src/main/java/com/blade/kit/json/BeanSerializer.java,BeanSerializer.java,237,clover
543,b5ebeec7c3d93417262ad6dc49970285456ecc2f,src/main/java/com/blade/ioc/bean/FieldInjector.java,FieldInjector.java,57,clover
544,b5ebeec7c3d93417262ad6dc49970285456ecc2f,src/main/java/com/blade/ioc/bean/ClassDefine.java,ClassDefine.java,71,clover
545,eed4bcd7c3c3c2718ff1242447bbf6237e8f1fab,src/test/java/com/blade/ioc/FieldInjectorTest.java,FieldInjectorTest.java,19,clover
546,eed4bcd7c3c3c2718ff1242447bbf6237e8f1fab,src/test/java/com/blade/ioc/ClassDefineTest.java,ClassDefineTest.java,26,clover
547,eed4bcd7c3c3c2718ff1242447bbf6237e8f1fab,src/main/java/com/blade/test/BladeTestRunner.java,BladeTestRunner.java,42,clover
548,eed4bcd7c3c3c2718ff1242447bbf6237e8f1fab,src/main/java/com/blade/kit/ReflectKit.java,ReflectKit.java,333,clover
549,eed4bcd7c3c3c2718ff1242447bbf6237e8f1fab,src/main/java/com/blade/kit/ReflectKit.java,ReflectKit.java,334,clover
550,eed4bcd7c3c3c2718ff1242447bbf6237e8f1fab,src/main/java/com/blade/kit/ReflectKit.java,ReflectKit.java,340,clover
551,eed4bcd7c3c3c2718ff1242447bbf6237e8f1fab,src/main/java/com/blade/kit/ReflectKit.java,ReflectKit.java,341,clover
552,eed4bcd7c3c3c2718ff1242447bbf6237e8f1fab,src/main/java/com/blade/kit/ReflectKit.java,ReflectKit.java,345,clover
553,eed4bcd7c3c3c2718ff1242447bbf6237e8f1fab,src/main/java/com/blade/kit/ReflectKit.java,ReflectKit.java,346,clover
554,eed4bcd7c3c3c2718ff1242447bbf6237e8f1fab,src/main/java/com/blade/kit/IocKit.java,IocKit.java,52,clover
555,eed4bcd7c3c3c2718ff1242447bbf6237e8f1fab,src/main/java/com/blade/kit/IocKit.java,IocKit.java,75,clover
556,eed4bcd7c3c3c2718ff1242447bbf6237e8f1fab,src/main/java/com/blade/kit/IocKit.java,IocKit.java,79,clover
557,eed4bcd7c3c3c2718ff1242447bbf6237e8f1fab,src/main/java/com/blade/kit/BeanKit.java,BeanKit.java,51,clover
558,eed4bcd7c3c3c2718ff1242447bbf6237e8f1fab,src/main/java/com/blade/kit/BeanKit.java,BeanKit.java,53,clover
559,eed4bcd7c3c3c2718ff1242447bbf6237e8f1fab,src/main/java/com/blade/kit/BeanKit.java,BeanKit.java,58,clover
560,eed4bcd7c3c3c2718ff1242447bbf6237e8f1fab,src/main/java/com/blade/kit/BeanKit.java,BeanKit.java,61,clover
561,eed4bcd7c3c3c2718ff1242447bbf6237e8f1fab,src/main/java/com/blade/kit/json/BeanSerializer.java,BeanSerializer.java,58,clover
562,eed4bcd7c3c3c2718ff1242447bbf6237e8f1fab,src/main/java/com/blade/kit/json/BeanSerializer.java,BeanSerializer.java,137,clover
563,eed4bcd7c3c3c2718ff1242447bbf6237e8f1fab,src/main/java/com/blade/kit/json/BeanSerializer.java,BeanSerializer.java,237,clover
564,eed4bcd7c3c3c2718ff1242447bbf6237e8f1fab,src/main/java/com/blade/ioc/bean/FieldInjector.java,FieldInjector.java,57,clover
565,eed4bcd7c3c3c2718ff1242447bbf6237e8f1fab,src/main/java/com/blade/ioc/bean/ClassDefine.java,ClassDefine.java,71,clover
566,9a05b119e149eecaf29ee3647fd48d7c2a8a5283,src/test/java/com/blade/ioc/FieldInjectorTest.java,FieldInjectorTest.java,19,clover
567,9a05b119e149eecaf29ee3647fd48d7c2a8a5283,src/test/java/com/blade/ioc/ClassDefineTest.java,ClassDefineTest.java,26,clover
568,9a05b119e149eecaf29ee3647fd48d7c2a8a5283,src/main/java/com/blade/test/BladeTestRunner.java,BladeTestRunner.java,42,clover
569,9a05b119e149eecaf29ee3647fd48d7c2a8a5283,src/main/java/com/blade/kit/ReflectKit.java,ReflectKit.java,333,clover
570,9a05b119e149eecaf29ee3647fd48d7c2a8a5283,src/main/java/com/blade/kit/ReflectKit.java,ReflectKit.java,334,clover
571,9a05b119e149eecaf29ee3647fd48d7c2a8a5283,src/main/java/com/blade/kit/ReflectKit.java,ReflectKit.java,340,clover
572,9a05b119e149eecaf29ee3647fd48d7c2a8a5283,src/main/java/com/blade/kit/ReflectKit.java,ReflectKit.java,341,clover
573,9a05b119e149eecaf29ee3647fd48d7c2a8a5283,src/main/java/com/blade/kit/ReflectKit.java,ReflectKit.java,345,clover
574,9a05b119e149eecaf29ee3647fd48d7c2a8a5283,src/main/java/com/blade/kit/ReflectKit.java,ReflectKit.java,346,clover
575,9a05b119e149eecaf29ee3647fd48d7c2a8a5283,src/main/java/com/blade/kit/IocKit.java,IocKit.java,52,clover
576,9a05b119e149eecaf29ee3647fd48d7c2a8a5283,src/main/java/com/blade/kit/IocKit.java,IocKit.java,75,clover
577,9a05b119e149eecaf29ee3647fd48d7c2a8a5283,src/main/java/com/blade/kit/IocKit.java,IocKit.java,79,clover
578,9a05b119e149eecaf29ee3647fd48d7c2a8a5283,src/main/java/com/blade/kit/BeanKit.java,BeanKit.java,51,clover
579,9a05b119e149eecaf29ee3647fd48d7c2a8a5283,src/main/java/com/blade/kit/BeanKit.java,BeanKit.java,53,clover
580,9a05b119e149eecaf29ee3647fd48d7c2a8a5283,src/main/java/com/blade/kit/BeanKit.java,BeanKit.java,58,clover
581,9a05b119e149eecaf29ee3647fd48d7c2a8a5283,src/main/java/com/blade/kit/BeanKit.java,BeanKit.java,61,clover
582,9a05b119e149eecaf29ee3647fd48d7c2a8a5283,src/main/java/com/blade/kit/json/BeanSerializer.java,BeanSerializer.java,58,clover
583,9a05b119e149eecaf29ee3647fd48d7c2a8a5283,src/main/java/com/blade/kit/json/BeanSerializer.java,BeanSerializer.java,137,clover
584,9a05b119e149eecaf29ee3647fd48d7c2a8a5283,src/main/java/com/blade/kit/json/BeanSerializer.java,BeanSerializer.java,237,clover
585,9a05b119e149eecaf29ee3647fd48d7c2a8a5283,src/main/java/com/blade/ioc/bean/FieldInjector.java,FieldInjector.java,57,clover
586,9a05b119e149eecaf29ee3647fd48d7c2a8a5283,src/main/java/com/blade/ioc/bean/ClassDefine.java,ClassDefine.java,71,clover
587,b32168e98b7731c4805026712aae19534b3547e6,src/test/java/com/blade/ioc/FieldInjectorTest.java,FieldInjectorTest.java,19,clover
588,b32168e98b7731c4805026712aae19534b3547e6,src/test/java/com/blade/ioc/ClassDefineTest.java,ClassDefineTest.java,26,clover
589,b32168e98b7731c4805026712aae19534b3547e6,src/main/java/com/blade/test/BladeTestRunner.java,BladeTestRunner.java,42,clover
590,b32168e98b7731c4805026712aae19534b3547e6,src/main/java/com/blade/kit/ReflectKit.java,ReflectKit.java,333,clover
591,b32168e98b7731c4805026712aae19534b3547e6,src/main/java/com/blade/kit/ReflectKit.java,ReflectKit.java,334,clover
592,b32168e98b7731c4805026712aae19534b3547e6,src/main/java/com/blade/kit/ReflectKit.java,ReflectKit.java,340,clover
593,b32168e98b7731c4805026712aae19534b3547e6,src/main/java/com/blade/kit/ReflectKit.java,ReflectKit.java,341,clover
594,b32168e98b7731c4805026712aae19534b3547e6,src/main/java/com/blade/kit/ReflectKit.java,ReflectKit.java,345,clover
595,b32168e98b7731c4805026712aae19534b3547e6,src/main/java/com/blade/kit/ReflectKit.java,ReflectKit.java,346,clover
596,b32168e98b7731c4805026712aae19534b3547e6,src/main/java/com/blade/kit/IocKit.java,IocKit.java,52,clover
597,b32168e98b7731c4805026712aae19534b3547e6,src/main/java/com/blade/kit/IocKit.java,IocKit.java,75,clover
598,b32168e98b7731c4805026712aae19534b3547e6,src/main/java/com/blade/kit/IocKit.java,IocKit.java,79,clover
599,b32168e98b7731c4805026712aae19534b3547e6,src/main/java/com/blade/kit/BeanKit.java,BeanKit.java,51,clover
600,b32168e98b7731c4805026712aae19534b3547e6,src/main/java/com/blade/kit/BeanKit.java,BeanKit.java,53,clover
601,b32168e98b7731c4805026712aae19534b3547e6,src/main/java/com/blade/kit/BeanKit.java,BeanKit.java,58,clover
602,b32168e98b7731c4805026712aae19534b3547e6,src/main/java/com/blade/kit/BeanKit.java,BeanKit.java,61,clover
603,b32168e98b7731c4805026712aae19534b3547e6,src/main/java/com/blade/kit/json/BeanSerializer.java,BeanSerializer.java,58,clover
604,b32168e98b7731c4805026712aae19534b3547e6,src/main/java/com/blade/kit/json/BeanSerializer.java,BeanSerializer.java,137,clover
605,b32168e98b7731c4805026712aae19534b3547e6,src/main/java/com/blade/kit/json/BeanSerializer.java,BeanSerializer.java,237,clover
606,b32168e98b7731c4805026712aae19534b3547e6,src/main/java/com/blade/ioc/bean/FieldInjector.java,FieldInjector.java,57,clover
607,b32168e98b7731c4805026712aae19534b3547e6,src/main/java/com/blade/ioc/bean/ClassDefine.java,ClassDefine.java,71,clover
608,a2b9e97481576dbeaec8e7210272398ece34dd79,src/test/java/com/blade/ioc/FieldInjectorTest.java,FieldInjectorTest.java,19,clover
609,a2b9e97481576dbeaec8e7210272398ece34dd79,src/test/java/com/blade/ioc/ClassDefineTest.java,ClassDefineTest.java,26,clover
610,a2b9e97481576dbeaec8e7210272398ece34dd79,src/main/java/com/blade/test/BladeTestRunner.java,BladeTestRunner.java,42,clover
611,a2b9e97481576dbeaec8e7210272398ece34dd79,src/main/java/com/blade/kit/ReflectKit.java,ReflectKit.java,333,clover
612,a2b9e97481576dbeaec8e7210272398ece34dd79,src/main/java/com/blade/kit/ReflectKit.java,ReflectKit.java,334,clover
613,a2b9e97481576dbeaec8e7210272398ece34dd79,src/main/java/com/blade/kit/ReflectKit.java,ReflectKit.java,340,clover
614,a2b9e97481576dbeaec8e7210272398ece34dd79,src/main/java/com/blade/kit/ReflectKit.java,ReflectKit.java,341,clover
615,a2b9e97481576dbeaec8e7210272398ece34dd79,src/main/java/com/blade/kit/ReflectKit.java,ReflectKit.java,345,clover
616,a2b9e97481576dbeaec8e7210272398ece34dd79,src/main/java/com/blade/kit/ReflectKit.java,ReflectKit.java,346,clover
617,a2b9e97481576dbeaec8e7210272398ece34dd79,src/main/java/com/blade/kit/IocKit.java,IocKit.java,52,clover
618,a2b9e97481576dbeaec8e7210272398ece34dd79,src/main/java/com/blade/kit/IocKit.java,IocKit.java,75,clover
619,a2b9e97481576dbeaec8e7210272398ece34dd79,src/main/java/com/blade/kit/IocKit.java,IocKit.java,79,clover
620,a2b9e97481576dbeaec8e7210272398ece34dd79,src/main/java/com/blade/kit/BeanKit.java,BeanKit.java,51,clover
621,a2b9e97481576dbeaec8e7210272398ece34dd79,src/main/java/com/blade/kit/BeanKit.java,BeanKit.java,53,clover
622,a2b9e97481576dbeaec8e7210272398ece34dd79,src/main/java/com/blade/kit/BeanKit.java,BeanKit.java,58,clover
623,a2b9e97481576dbeaec8e7210272398ece34dd79,src/main/java/com/blade/kit/BeanKit.java,BeanKit.java,61,clover
624,a2b9e97481576dbeaec8e7210272398ece34dd79,src/main/java/com/blade/kit/json/BeanSerializer.java,BeanSerializer.java,58,clover
625,a2b9e97481576dbeaec8e7210272398ece34dd79,src/main/java/com/blade/kit/json/BeanSerializer.java,BeanSerializer.java,137,clover
626,a2b9e97481576dbeaec8e7210272398ece34dd79,src/main/java/com/blade/kit/json/BeanSerializer.java,BeanSerializer.java,237,clover
627,a2b9e97481576dbeaec8e7210272398ece34dd79,src/main/java/com/blade/ioc/bean/FieldInjector.java,FieldInjector.java,57,clover
628,a2b9e97481576dbeaec8e7210272398ece34dd79,src/main/java/com/blade/ioc/bean/ClassDefine.java,ClassDefine.java,71,clover
629,02eee9438b920435243913f844b3e0c274ba531e,src/test/java/com/blade/ioc/FieldInjectorTest.java,FieldInjectorTest.java,19,clover
630,02eee9438b920435243913f844b3e0c274ba531e,src/test/java/com/blade/ioc/ClassDefineTest.java,ClassDefineTest.java,26,clover
631,02eee9438b920435243913f844b3e0c274ba531e,src/main/java/com/blade/test/BladeTestRunner.java,BladeTestRunner.java,42,clover
632,02eee9438b920435243913f844b3e0c274ba531e,src/main/java/com/blade/kit/ReflectKit.java,ReflectKit.java,333,clover
633,02eee9438b920435243913f844b3e0c274ba531e,src/main/java/com/blade/kit/ReflectKit.java,ReflectKit.java,334,clover
634,02eee9438b920435243913f844b3e0c274ba531e,src/main/java/com/blade/kit/ReflectKit.java,ReflectKit.java,340,clover
635,02eee9438b920435243913f844b3e0c274ba531e,src/main/java/com/blade/kit/ReflectKit.java,ReflectKit.java,341,clover
636,02eee9438b920435243913f844b3e0c274ba531e,src/main/java/com/blade/kit/ReflectKit.java,ReflectKit.java,345,clover
637,02eee9438b920435243913f844b3e0c274ba531e,src/main/java/com/blade/kit/ReflectKit.java,ReflectKit.java,346,clover
638,02eee9438b920435243913f844b3e0c274ba531e,src/main/java/com/blade/kit/IocKit.java,IocKit.java,52,clover
639,02eee9438b920435243913f844b3e0c274ba531e,src/main/java/com/blade/kit/IocKit.java,IocKit.java,75,clover
640,02eee9438b920435243913f844b3e0c274ba531e,src/main/java/com/blade/kit/IocKit.java,IocKit.java,79,clover
641,02eee9438b920435243913f844b3e0c274ba531e,src/main/java/com/blade/kit/BeanKit.java,BeanKit.java,51,clover
642,02eee9438b920435243913f844b3e0c274ba531e,src/main/java/com/blade/kit/BeanKit.java,BeanKit.java,53,clover
643,02eee9438b920435243913f844b3e0c274ba531e,src/main/java/com/blade/kit/BeanKit.java,BeanKit.java,58,clover
644,02eee9438b920435243913f844b3e0c274ba531e,src/main/java/com/blade/kit/BeanKit.java,BeanKit.java,61,clover
645,02eee9438b920435243913f844b3e0c274ba531e,src/main/java/com/blade/kit/json/BeanSerializer.java,BeanSerializer.java,58,clover
646,02eee9438b920435243913f844b3e0c274ba531e,src/main/java/com/blade/kit/json/BeanSerializer.java,BeanSerializer.java,137,clover
647,02eee9438b920435243913f844b3e0c274ba531e,src/main/java/com/blade/kit/json/BeanSerializer.java,BeanSerializer.java,237,clover
648,02eee9438b920435243913f844b3e0c274ba531e,src/main/java/com/blade/ioc/bean/FieldInjector.java,FieldInjector.java,57,clover
649,02eee9438b920435243913f844b3e0c274ba531e,src/main/java/com/blade/ioc/bean/ClassDefine.java,ClassDefine.java,71,clover
650,24632fcdc7224a7f9c058ace238d623d77088cbd,src/test/java/com/blade/ioc/FieldInjectorTest.java,FieldInjectorTest.java,19,clover
651,24632fcdc7224a7f9c058ace238d623d77088cbd,src/test/java/com/blade/ioc/ClassDefineTest.java,ClassDefineTest.java,26,clover
652,24632fcdc7224a7f9c058ace238d623d77088cbd,src/main/java/com/blade/test/BladeTestRunner.java,BladeTestRunner.java,42,clover
653,24632fcdc7224a7f9c058ace238d623d77088cbd,src/main/java/com/blade/kit/ReflectKit.java,ReflectKit.java,333,clover
654,24632fcdc7224a7f9c058ace238d623d77088cbd,src/main/java/com/blade/kit/ReflectKit.java,ReflectKit.java,334,clover
655,24632fcdc7224a7f9c058ace238d623d77088cbd,src/main/java/com/blade/kit/ReflectKit.java,ReflectKit.java,340,clover
656,24632fcdc7224a7f9c058ace238d623d77088cbd,src/main/java/com/blade/kit/ReflectKit.java,ReflectKit.java,341,clover
657,24632fcdc7224a7f9c058ace238d623d77088cbd,src/main/java/com/blade/kit/ReflectKit.java,ReflectKit.java,345,clover
658,24632fcdc7224a7f9c058ace238d623d77088cbd,src/main/java/com/blade/kit/ReflectKit.java,ReflectKit.java,346,clover
659,24632fcdc7224a7f9c058ace238d623d77088cbd,src/main/java/com/blade/kit/IocKit.java,IocKit.java,52,clover
660,24632fcdc7224a7f9c058ace238d623d77088cbd,src/main/java/com/blade/kit/IocKit.java,IocKit.java,75,clover
661,24632fcdc7224a7f9c058ace238d623d77088cbd,src/main/java/com/blade/kit/IocKit.java,IocKit.java,79,clover
662,24632fcdc7224a7f9c058ace238d623d77088cbd,src/main/java/com/blade/kit/BeanKit.java,BeanKit.java,51,clover
663,24632fcdc7224a7f9c058ace238d623d77088cbd,src/main/java/com/blade/kit/BeanKit.java,BeanKit.java,53,clover
664,24632fcdc7224a7f9c058ace238d623d77088cbd,src/main/java/com/blade/kit/BeanKit.java,BeanKit.java,58,clover
665,24632fcdc7224a7f9c058ace238d623d77088cbd,src/main/java/com/blade/kit/BeanKit.java,BeanKit.java,61,clover
666,24632fcdc7224a7f9c058ace238d623d77088cbd,src/main/java/com/blade/kit/json/BeanSerializer.java,BeanSerializer.java,58,clover
667,24632fcdc7224a7f9c058ace238d623d77088cbd,src/main/java/com/blade/kit/json/BeanSerializer.java,BeanSerializer.java,137,clover
668,24632fcdc7224a7f9c058ace238d623d77088cbd,src/main/java/com/blade/kit/json/BeanSerializer.java,BeanSerializer.java,237,clover
669,24632fcdc7224a7f9c058ace238d623d77088cbd,src/main/java/com/blade/ioc/bean/FieldInjector.java,FieldInjector.java,57,clover
670,24632fcdc7224a7f9c058ace238d623d77088cbd,src/main/java/com/blade/ioc/bean/ClassDefine.java,ClassDefine.java,71,clover
671,ca06f7f8110d1e513bf1da765c5bb14ed51c1941,src/test/java/com/blade/ioc/FieldInjectorTest.java,FieldInjectorTest.java,19,clover
672,ca06f7f8110d1e513bf1da765c5bb14ed51c1941,src/test/java/com/blade/ioc/ClassDefineTest.java,ClassDefineTest.java,26,clover
673,ca06f7f8110d1e513bf1da765c5bb14ed51c1941,src/main/java/com/blade/test/BladeTestRunner.java,BladeTestRunner.java,42,clover
674,ca06f7f8110d1e513bf1da765c5bb14ed51c1941,src/main/java/com/blade/kit/ReflectKit.java,ReflectKit.java,333,clover
675,ca06f7f8110d1e513bf1da765c5bb14ed51c1941,src/main/java/com/blade/kit/ReflectKit.java,ReflectKit.java,334,clover
676,ca06f7f8110d1e513bf1da765c5bb14ed51c1941,src/main/java/com/blade/kit/ReflectKit.java,ReflectKit.java,340,clover
677,ca06f7f8110d1e513bf1da765c5bb14ed51c1941,src/main/java/com/blade/kit/ReflectKit.java,ReflectKit.java,341,clover
678,ca06f7f8110d1e513bf1da765c5bb14ed51c1941,src/main/java/com/blade/kit/ReflectKit.java,ReflectKit.java,345,clover
679,ca06f7f8110d1e513bf1da765c5bb14ed51c1941,src/main/java/com/blade/kit/ReflectKit.java,ReflectKit.java,346,clover
680,ca06f7f8110d1e513bf1da765c5bb14ed51c1941,src/main/java/com/blade/kit/IocKit.java,IocKit.java,55,clover
681,ca06f7f8110d1e513bf1da765c5bb14ed51c1941,src/main/java/com/blade/kit/IocKit.java,IocKit.java,78,clover
682,ca06f7f8110d1e513bf1da765c5bb14ed51c1941,src/main/java/com/blade/kit/IocKit.java,IocKit.java,82,clover
683,ca06f7f8110d1e513bf1da765c5bb14ed51c1941,src/main/java/com/blade/kit/BeanKit.java,BeanKit.java,51,clover
684,ca06f7f8110d1e513bf1da765c5bb14ed51c1941,src/main/java/com/blade/kit/BeanKit.java,BeanKit.java,53,clover
685,ca06f7f8110d1e513bf1da765c5bb14ed51c1941,src/main/java/com/blade/kit/BeanKit.java,BeanKit.java,58,clover
686,ca06f7f8110d1e513bf1da765c5bb14ed51c1941,src/main/java/com/blade/kit/BeanKit.java,BeanKit.java,61,clover
687,ca06f7f8110d1e513bf1da765c5bb14ed51c1941,src/main/java/com/blade/kit/json/BeanSerializer.java,BeanSerializer.java,58,clover
688,ca06f7f8110d1e513bf1da765c5bb14ed51c1941,src/main/java/com/blade/kit/json/BeanSerializer.java,BeanSerializer.java,137,clover
689,ca06f7f8110d1e513bf1da765c5bb14ed51c1941,src/main/java/com/blade/kit/json/BeanSerializer.java,BeanSerializer.java,237,clover
690,ca06f7f8110d1e513bf1da765c5bb14ed51c1941,src/main/java/com/blade/ioc/bean/FieldInjector.java,FieldInjector.java,57,clover
691,ca06f7f8110d1e513bf1da765c5bb14ed51c1941,src/main/java/com/blade/ioc/bean/ClassDefine.java,ClassDefine.java,71,clover
692,f953c8e8a5c1766308fb68eca31b6350c52286e0,src/test/java/com/blade/ioc/FieldInjectorTest.java,FieldInjectorTest.java,19,clover
693,f953c8e8a5c1766308fb68eca31b6350c52286e0,src/test/java/com/blade/ioc/ClassDefineTest.java,ClassDefineTest.java,26,clover
694,f953c8e8a5c1766308fb68eca31b6350c52286e0,src/main/java/com/blade/test/BladeTestRunner.java,BladeTestRunner.java,42,clover
695,f953c8e8a5c1766308fb68eca31b6350c52286e0,src/main/java/com/blade/kit/ReflectKit.java,ReflectKit.java,333,clover
696,f953c8e8a5c1766308fb68eca31b6350c52286e0,src/main/java/com/blade/kit/ReflectKit.java,ReflectKit.java,334,clover
697,f953c8e8a5c1766308fb68eca31b6350c52286e0,src/main/java/com/blade/kit/ReflectKit.java,ReflectKit.java,340,clover
698,f953c8e8a5c1766308fb68eca31b6350c52286e0,src/main/java/com/blade/kit/ReflectKit.java,ReflectKit.java,341,clover
699,f953c8e8a5c1766308fb68eca31b6350c52286e0,src/main/java/com/blade/kit/ReflectKit.java,ReflectKit.java,345,clover
700,f953c8e8a5c1766308fb68eca31b6350c52286e0,src/main/java/com/blade/kit/ReflectKit.java,ReflectKit.java,346,clover
701,f953c8e8a5c1766308fb68eca31b6350c52286e0,src/main/java/com/blade/kit/IocKit.java,IocKit.java,52,clover
702,f953c8e8a5c1766308fb68eca31b6350c52286e0,src/main/java/com/blade/kit/IocKit.java,IocKit.java,75,clover
703,f953c8e8a5c1766308fb68eca31b6350c52286e0,src/main/java/com/blade/kit/IocKit.java,IocKit.java,79,clover
704,f953c8e8a5c1766308fb68eca31b6350c52286e0,src/main/java/com/blade/kit/BeanKit.java,BeanKit.java,51,clover
705,f953c8e8a5c1766308fb68eca31b6350c52286e0,src/main/java/com/blade/kit/BeanKit.java,BeanKit.java,53,clover
706,f953c8e8a5c1766308fb68eca31b6350c52286e0,src/main/java/com/blade/kit/BeanKit.java,BeanKit.java,58,clover
707,f953c8e8a5c1766308fb68eca31b6350c52286e0,src/main/java/com/blade/kit/BeanKit.java,BeanKit.java,61,clover
708,f953c8e8a5c1766308fb68eca31b6350c52286e0,src/main/java/com/blade/kit/json/BeanSerializer.java,BeanSerializer.java,58,clover
709,f953c8e8a5c1766308fb68eca31b6350c52286e0,src/main/java/com/blade/kit/json/BeanSerializer.java,BeanSerializer.java,137,clover
710,f953c8e8a5c1766308fb68eca31b6350c52286e0,src/main/java/com/blade/kit/json/BeanSerializer.java,BeanSerializer.java,237,clover
711,f953c8e8a5c1766308fb68eca31b6350c52286e0,src/main/java/com/blade/ioc/bean/FieldInjector.java,FieldInjector.java,57,clover
712,f953c8e8a5c1766308fb68eca31b6350c52286e0,src/main/java/com/blade/ioc/bean/ClassDefine.java,ClassDefine.java,71,clover
713,64ae2c177be5b5dc00303d7edc9877e8f1b2bc2d,src/test/java/com/blade/ioc/FieldInjectorTest.java,FieldInjectorTest.java,19,clover
714,64ae2c177be5b5dc00303d7edc9877e8f1b2bc2d,src/test/java/com/blade/ioc/ClassDefineTest.java,ClassDefineTest.java,26,clover
715,64ae2c177be5b5dc00303d7edc9877e8f1b2bc2d,src/main/java/com/blade/test/BladeTestRunner.java,BladeTestRunner.java,42,clover
716,64ae2c177be5b5dc00303d7edc9877e8f1b2bc2d,src/main/java/com/blade/kit/ReflectKit.java,ReflectKit.java,333,clover
717,64ae2c177be5b5dc00303d7edc9877e8f1b2bc2d,src/main/java/com/blade/kit/ReflectKit.java,ReflectKit.java,334,clover
718,64ae2c177be5b5dc00303d7edc9877e8f1b2bc2d,src/main/java/com/blade/kit/ReflectKit.java,ReflectKit.java,340,clover
719,64ae2c177be5b5dc00303d7edc9877e8f1b2bc2d,src/main/java/com/blade/kit/ReflectKit.java,ReflectKit.java,341,clover
720,64ae2c177be5b5dc00303d7edc9877e8f1b2bc2d,src/main/java/com/blade/kit/ReflectKit.java,ReflectKit.java,345,clover
721,64ae2c177be5b5dc00303d7edc9877e8f1b2bc2d,src/main/java/com/blade/kit/ReflectKit.java,ReflectKit.java,346,clover
722,64ae2c177be5b5dc00303d7edc9877e8f1b2bc2d,src/main/java/com/blade/kit/IocKit.java,IocKit.java,52,clover
723,64ae2c177be5b5dc00303d7edc9877e8f1b2bc2d,src/main/java/com/blade/kit/IocKit.java,IocKit.java,75,clover
724,64ae2c177be5b5dc00303d7edc9877e8f1b2bc2d,src/main/java/com/blade/kit/IocKit.java,IocKit.java,79,clover
725,64ae2c177be5b5dc00303d7edc9877e8f1b2bc2d,src/main/java/com/blade/kit/BeanKit.java,BeanKit.java,51,clover
726,64ae2c177be5b5dc00303d7edc9877e8f1b2bc2d,src/main/java/com/blade/kit/BeanKit.java,BeanKit.java,53,clover
727,64ae2c177be5b5dc00303d7edc9877e8f1b2bc2d,src/main/java/com/blade/kit/BeanKit.java,BeanKit.java,58,clover
728,64ae2c177be5b5dc00303d7edc9877e8f1b2bc2d,src/main/java/com/blade/kit/BeanKit.java,BeanKit.java,61,clover
729,64ae2c177be5b5dc00303d7edc9877e8f1b2bc2d,src/main/java/com/blade/kit/json/BeanSerializer.java,BeanSerializer.java,58,clover
730,64ae2c177be5b5dc00303d7edc9877e8f1b2bc2d,src/main/java/com/blade/kit/json/BeanSerializer.java,BeanSerializer.java,137,clover
731,64ae2c177be5b5dc00303d7edc9877e8f1b2bc2d,src/main/java/com/blade/kit/json/BeanSerializer.java,BeanSerializer.java,237,clover
732,64ae2c177be5b5dc00303d7edc9877e8f1b2bc2d,src/main/java/com/blade/ioc/bean/FieldInjector.java,FieldInjector.java,57,clover
733,64ae2c177be5b5dc00303d7edc9877e8f1b2bc2d,src/main/java/com/blade/ioc/bean/ClassDefine.java,ClassDefine.java,71,clover
734,f90bee13280d23541347e097eef3b933210acfd7,src/test/java/com/blade/ioc/FieldInjectorTest.java,FieldInjectorTest.java,19,clover
735,f90bee13280d23541347e097eef3b933210acfd7,src/test/java/com/blade/ioc/ClassDefineTest.java,ClassDefineTest.java,26,clover
736,f90bee13280d23541347e097eef3b933210acfd7,src/main/java/com/blade/test/BladeTestRunner.java,BladeTestRunner.java,42,clover
737,f90bee13280d23541347e097eef3b933210acfd7,src/main/java/com/blade/kit/ReflectKit.java,ReflectKit.java,333,clover
738,f90bee13280d23541347e097eef3b933210acfd7,src/main/java/com/blade/kit/ReflectKit.java,ReflectKit.java,334,clover
739,f90bee13280d23541347e097eef3b933210acfd7,src/main/java/com/blade/kit/ReflectKit.java,ReflectKit.java,340,clover
740,f90bee13280d23541347e097eef3b933210acfd7,src/main/java/com/blade/kit/ReflectKit.java,ReflectKit.java,341,clover
741,f90bee13280d23541347e097eef3b933210acfd7,src/main/java/com/blade/kit/ReflectKit.java,ReflectKit.java,345,clover
742,f90bee13280d23541347e097eef3b933210acfd7,src/main/java/com/blade/kit/ReflectKit.java,ReflectKit.java,346,clover
743,f90bee13280d23541347e097eef3b933210acfd7,src/main/java/com/blade/kit/IocKit.java,IocKit.java,52,clover
744,f90bee13280d23541347e097eef3b933210acfd7,src/main/java/com/blade/kit/IocKit.java,IocKit.java,75,clover
745,f90bee13280d23541347e097eef3b933210acfd7,src/main/java/com/blade/kit/IocKit.java,IocKit.java,79,clover
746,f90bee13280d23541347e097eef3b933210acfd7,src/main/java/com/blade/kit/BeanKit.java,BeanKit.java,51,clover
747,f90bee13280d23541347e097eef3b933210acfd7,src/main/java/com/blade/kit/BeanKit.java,BeanKit.java,53,clover
748,f90bee13280d23541347e097eef3b933210acfd7,src/main/java/com/blade/kit/BeanKit.java,BeanKit.java,58,clover
749,f90bee13280d23541347e097eef3b933210acfd7,src/main/java/com/blade/kit/BeanKit.java,BeanKit.java,61,clover
750,f90bee13280d23541347e097eef3b933210acfd7,src/main/java/com/blade/kit/json/BeanSerializer.java,BeanSerializer.java,58,clover
751,f90bee13280d23541347e097eef3b933210acfd7,src/main/java/com/blade/kit/json/BeanSerializer.java,BeanSerializer.java,137,clover
752,f90bee13280d23541347e097eef3b933210acfd7,src/main/java/com/blade/kit/json/BeanSerializer.java,BeanSerializer.java,237,clover
753,f90bee13280d23541347e097eef3b933210acfd7,src/main/java/com/blade/ioc/bean/FieldInjector.java,FieldInjector.java,57,clover
754,f90bee13280d23541347e097eef3b933210acfd7,src/main/java/com/blade/ioc/bean/ClassDefine.java,ClassDefine.java,71,clover
755,d712f94c932601e880acb18c7fef9c51eb8be084,src/test/java/com/blade/ioc/FieldInjectorTest.java,FieldInjectorTest.java,19,clover
756,d712f94c932601e880acb18c7fef9c51eb8be084,src/test/java/com/blade/ioc/ClassDefineTest.java,ClassDefineTest.java,26,clover
757,d712f94c932601e880acb18c7fef9c51eb8be084,src/main/java/com/blade/test/BladeTestRunner.java,BladeTestRunner.java,42,clover
758,d712f94c932601e880acb18c7fef9c51eb8be084,src/main/java/com/blade/kit/ReflectKit.java,ReflectKit.java,333,clover
759,d712f94c932601e880acb18c7fef9c51eb8be084,src/main/java/com/blade/kit/ReflectKit.java,ReflectKit.java,334,clover
760,d712f94c932601e880acb18c7fef9c51eb8be084,src/main/java/com/blade/kit/ReflectKit.java,ReflectKit.java,340,clover
761,d712f94c932601e880acb18c7fef9c51eb8be084,src/main/java/com/blade/kit/ReflectKit.java,ReflectKit.java,341,clover
762,d712f94c932601e880acb18c7fef9c51eb8be084,src/main/java/com/blade/kit/ReflectKit.java,ReflectKit.java,345,clover
763,d712f94c932601e880acb18c7fef9c51eb8be084,src/main/java/com/blade/kit/ReflectKit.java,ReflectKit.java,346,clover
764,d712f94c932601e880acb18c7fef9c51eb8be084,src/main/java/com/blade/kit/IocKit.java,IocKit.java,52,clover
765,d712f94c932601e880acb18c7fef9c51eb8be084,src/main/java/com/blade/kit/IocKit.java,IocKit.java,75,clover
766,d712f94c932601e880acb18c7fef9c51eb8be084,src/main/java/com/blade/kit/IocKit.java,IocKit.java,79,clover
767,d712f94c932601e880acb18c7fef9c51eb8be084,src/main/java/com/blade/kit/BeanKit.java,BeanKit.java,51,clover
768,d712f94c932601e880acb18c7fef9c51eb8be084,src/main/java/com/blade/kit/BeanKit.java,BeanKit.java,53,clover
769,d712f94c932601e880acb18c7fef9c51eb8be084,src/main/java/com/blade/kit/BeanKit.java,BeanKit.java,58,clover
770,d712f94c932601e880acb18c7fef9c51eb8be084,src/main/java/com/blade/kit/BeanKit.java,BeanKit.java,61,clover
771,d712f94c932601e880acb18c7fef9c51eb8be084,src/main/java/com/blade/kit/json/BeanSerializer.java,BeanSerializer.java,58,clover
772,d712f94c932601e880acb18c7fef9c51eb8be084,src/main/java/com/blade/kit/json/BeanSerializer.java,BeanSerializer.java,137,clover
773,d712f94c932601e880acb18c7fef9c51eb8be084,src/main/java/com/blade/kit/json/BeanSerializer.java,BeanSerializer.java,237,clover
774,d712f94c932601e880acb18c7fef9c51eb8be084,src/main/java/com/blade/ioc/bean/FieldInjector.java,FieldInjector.java,57,clover
775,d712f94c932601e880acb18c7fef9c51eb8be084,src/main/java/com/blade/ioc/bean/ClassDefine.java,ClassDefine.java,71,clover
776,f538d83ea6355740d0bb9b9f782832d59ba08e54,src/test/java/com/blade/ioc/FieldInjectorTest.java,FieldInjectorTest.java,19,clover
777,f538d83ea6355740d0bb9b9f782832d59ba08e54,src/test/java/com/blade/ioc/ClassDefineTest.java,ClassDefineTest.java,26,clover
778,f538d83ea6355740d0bb9b9f782832d59ba08e54,src/main/java/com/blade/test/BladeTestRunner.java,BladeTestRunner.java,42,clover
779,f538d83ea6355740d0bb9b9f782832d59ba08e54,src/main/java/com/blade/kit/ReflectKit.java,ReflectKit.java,333,clover
780,f538d83ea6355740d0bb9b9f782832d59ba08e54,src/main/java/com/blade/kit/ReflectKit.java,ReflectKit.java,334,clover
781,f538d83ea6355740d0bb9b9f782832d59ba08e54,src/main/java/com/blade/kit/ReflectKit.java,ReflectKit.java,340,clover
782,f538d83ea6355740d0bb9b9f782832d59ba08e54,src/main/java/com/blade/kit/ReflectKit.java,ReflectKit.java,341,clover
783,f538d83ea6355740d0bb9b9f782832d59ba08e54,src/main/java/com/blade/kit/ReflectKit.java,ReflectKit.java,345,clover
784,f538d83ea6355740d0bb9b9f782832d59ba08e54,src/main/java/com/blade/kit/ReflectKit.java,ReflectKit.java,346,clover
785,f538d83ea6355740d0bb9b9f782832d59ba08e54,src/main/java/com/blade/kit/IocKit.java,IocKit.java,52,clover
786,f538d83ea6355740d0bb9b9f782832d59ba08e54,src/main/java/com/blade/kit/IocKit.java,IocKit.java,75,clover
787,f538d83ea6355740d0bb9b9f782832d59ba08e54,src/main/java/com/blade/kit/IocKit.java,IocKit.java,79,clover
788,f538d83ea6355740d0bb9b9f782832d59ba08e54,src/main/java/com/blade/kit/BeanKit.java,BeanKit.java,51,clover
789,f538d83ea6355740d0bb9b9f782832d59ba08e54,src/main/java/com/blade/kit/BeanKit.java,BeanKit.java,53,clover
790,f538d83ea6355740d0bb9b9f782832d59ba08e54,src/main/java/com/blade/kit/BeanKit.java,BeanKit.java,58,clover
791,f538d83ea6355740d0bb9b9f782832d59ba08e54,src/main/java/com/blade/kit/BeanKit.java,BeanKit.java,61,clover
792,f538d83ea6355740d0bb9b9f782832d59ba08e54,src/main/java/com/blade/kit/json/BeanSerializer.java,BeanSerializer.java,58,clover
793,f538d83ea6355740d0bb9b9f782832d59ba08e54,src/main/java/com/blade/kit/json/BeanSerializer.java,BeanSerializer.java,137,clover
794,f538d83ea6355740d0bb9b9f782832d59ba08e54,src/main/java/com/blade/kit/json/BeanSerializer.java,BeanSerializer.java,237,clover
795,f538d83ea6355740d0bb9b9f782832d59ba08e54,src/main/java/com/blade/ioc/bean/FieldInjector.java,FieldInjector.java,57,clover
796,f538d83ea6355740d0bb9b9f782832d59ba08e54,src/main/java/com/blade/ioc/bean/ClassDefine.java,ClassDefine.java,71,clover
797,9925cb13aa3b2947ca4342afeed042ee1b0c2b6e,src/test/java/com/blade/ioc/FieldInjectorTest.java,FieldInjectorTest.java,19,clover
798,9925cb13aa3b2947ca4342afeed042ee1b0c2b6e,src/test/java/com/blade/ioc/ClassDefineTest.java,ClassDefineTest.java,26,clover
799,9925cb13aa3b2947ca4342afeed042ee1b0c2b6e,src/main/java/com/blade/test/BladeTestRunner.java,BladeTestRunner.java,42,clover
800,9925cb13aa3b2947ca4342afeed042ee1b0c2b6e,src/main/java/com/blade/kit/ReflectKit.java,ReflectKit.java,333,clover
801,9925cb13aa3b2947ca4342afeed042ee1b0c2b6e,src/main/java/com/blade/kit/ReflectKit.java,ReflectKit.java,334,clover
802,9925cb13aa3b2947ca4342afeed042ee1b0c2b6e,src/main/java/com/blade/kit/ReflectKit.java,ReflectKit.java,340,clover
803,9925cb13aa3b2947ca4342afeed042ee1b0c2b6e,src/main/java/com/blade/kit/ReflectKit.java,ReflectKit.java,341,clover
804,9925cb13aa3b2947ca4342afeed042ee1b0c2b6e,src/main/java/com/blade/kit/ReflectKit.java,ReflectKit.java,345,clover
805,9925cb13aa3b2947ca4342afeed042ee1b0c2b6e,src/main/java/com/blade/kit/ReflectKit.java,ReflectKit.java,346,clover
806,9925cb13aa3b2947ca4342afeed042ee1b0c2b6e,src/main/java/com/blade/kit/IocKit.java,IocKit.java,52,clover
807,9925cb13aa3b2947ca4342afeed042ee1b0c2b6e,src/main/java/com/blade/kit/IocKit.java,IocKit.java,75,clover
808,9925cb13aa3b2947ca4342afeed042ee1b0c2b6e,src/main/java/com/blade/kit/IocKit.java,IocKit.java,79,clover
809,9925cb13aa3b2947ca4342afeed042ee1b0c2b6e,src/main/java/com/blade/kit/BeanKit.java,BeanKit.java,51,clover
810,9925cb13aa3b2947ca4342afeed042ee1b0c2b6e,src/main/java/com/blade/kit/BeanKit.java,BeanKit.java,53,clover
811,9925cb13aa3b2947ca4342afeed042ee1b0c2b6e,src/main/java/com/blade/kit/BeanKit.java,BeanKit.java,58,clover
812,9925cb13aa3b2947ca4342afeed042ee1b0c2b6e,src/main/java/com/blade/kit/BeanKit.java,BeanKit.java,61,clover
813,9925cb13aa3b2947ca4342afeed042ee1b0c2b6e,src/main/java/com/blade/kit/json/BeanSerializer.java,BeanSerializer.java,58,clover
814,9925cb13aa3b2947ca4342afeed042ee1b0c2b6e,src/main/java/com/blade/kit/json/BeanSerializer.java,BeanSerializer.java,137,clover
815,9925cb13aa3b2947ca4342afeed042ee1b0c2b6e,src/main/java/com/blade/kit/json/BeanSerializer.java,BeanSerializer.java,237,clover
816,9925cb13aa3b2947ca4342afeed042ee1b0c2b6e,src/main/java/com/blade/ioc/bean/FieldInjector.java,FieldInjector.java,57,clover
817,9925cb13aa3b2947ca4342afeed042ee1b0c2b6e,src/main/java/com/blade/ioc/bean/ClassDefine.java,ClassDefine.java,71,clover
818,ab801a52f642a2d60840c378f4c78b2463fb08a6,src/test/java/com/blade/ioc/FieldInjectorTest.java,FieldInjectorTest.java,19,clover
819,ab801a52f642a2d60840c378f4c78b2463fb08a6,src/test/java/com/blade/ioc/ClassDefineTest.java,ClassDefineTest.java,26,clover
820,ab801a52f642a2d60840c378f4c78b2463fb08a6,src/main/java/com/blade/test/BladeTestRunner.java,BladeTestRunner.java,42,clover
821,ab801a52f642a2d60840c378f4c78b2463fb08a6,src/main/java/com/blade/kit/ReflectKit.java,ReflectKit.java,333,clover
822,ab801a52f642a2d60840c378f4c78b2463fb08a6,src/main/java/com/blade/kit/ReflectKit.java,ReflectKit.java,334,clover
823,ab801a52f642a2d60840c378f4c78b2463fb08a6,src/main/java/com/blade/kit/ReflectKit.java,ReflectKit.java,340,clover
824,ab801a52f642a2d60840c378f4c78b2463fb08a6,src/main/java/com/blade/kit/ReflectKit.java,ReflectKit.java,341,clover
825,ab801a52f642a2d60840c378f4c78b2463fb08a6,src/main/java/com/blade/kit/ReflectKit.java,ReflectKit.java,345,clover
826,ab801a52f642a2d60840c378f4c78b2463fb08a6,src/main/java/com/blade/kit/ReflectKit.java,ReflectKit.java,346,clover
827,ab801a52f642a2d60840c378f4c78b2463fb08a6,src/main/java/com/blade/kit/IocKit.java,IocKit.java,52,clover
828,ab801a52f642a2d60840c378f4c78b2463fb08a6,src/main/java/com/blade/kit/IocKit.java,IocKit.java,75,clover
829,ab801a52f642a2d60840c378f4c78b2463fb08a6,src/main/java/com/blade/kit/IocKit.java,IocKit.java,79,clover
830,ab801a52f642a2d60840c378f4c78b2463fb08a6,src/main/java/com/blade/kit/BeanKit.java,BeanKit.java,51,clover
831,ab801a52f642a2d60840c378f4c78b2463fb08a6,src/main/java/com/blade/kit/BeanKit.java,BeanKit.java,53,clover
832,ab801a52f642a2d60840c378f4c78b2463fb08a6,src/main/java/com/blade/kit/BeanKit.java,BeanKit.java,58,clover
833,ab801a52f642a2d60840c378f4c78b2463fb08a6,src/main/java/com/blade/kit/BeanKit.java,BeanKit.java,61,clover
834,ab801a52f642a2d60840c378f4c78b2463fb08a6,src/main/java/com/blade/kit/json/BeanSerializer.java,BeanSerializer.java,58,clover
835,ab801a52f642a2d60840c378f4c78b2463fb08a6,src/main/java/com/blade/kit/json/BeanSerializer.java,BeanSerializer.java,137,clover
836,ab801a52f642a2d60840c378f4c78b2463fb08a6,src/main/java/com/blade/kit/json/BeanSerializer.java,BeanSerializer.java,237,clover
837,ab801a52f642a2d60840c378f4c78b2463fb08a6,src/main/java/com/blade/ioc/bean/FieldInjector.java,FieldInjector.java,57,clover
838,ab801a52f642a2d60840c378f4c78b2463fb08a6,src/main/java/com/blade/ioc/bean/ClassDefine.java,ClassDefine.java,71,clover
839,3a1be7f0e673c0e814cd22cb9fc3a709385e4b60,src/test/java/com/blade/ioc/FieldInjectorTest.java,FieldInjectorTest.java,19,clover
840,3a1be7f0e673c0e814cd22cb9fc3a709385e4b60,src/test/java/com/blade/ioc/ClassDefineTest.java,ClassDefineTest.java,26,clover
841,3a1be7f0e673c0e814cd22cb9fc3a709385e4b60,src/main/java/com/blade/test/BladeTestRunner.java,BladeTestRunner.java,42,clover
842,3a1be7f0e673c0e814cd22cb9fc3a709385e4b60,src/main/java/com/blade/kit/ReflectKit.java,ReflectKit.java,333,clover
843,3a1be7f0e673c0e814cd22cb9fc3a709385e4b60,src/main/java/com/blade/kit/ReflectKit.java,ReflectKit.java,334,clover
844,3a1be7f0e673c0e814cd22cb9fc3a709385e4b60,src/main/java/com/blade/kit/ReflectKit.java,ReflectKit.java,340,clover
845,3a1be7f0e673c0e814cd22cb9fc3a709385e4b60,src/main/java/com/blade/kit/ReflectKit.java,ReflectKit.java,341,clover
846,3a1be7f0e673c0e814cd22cb9fc3a709385e4b60,src/main/java/com/blade/kit/ReflectKit.java,ReflectKit.java,345,clover
847,3a1be7f0e673c0e814cd22cb9fc3a709385e4b60,src/main/java/com/blade/kit/ReflectKit.java,ReflectKit.java,346,clover
848,3a1be7f0e673c0e814cd22cb9fc3a709385e4b60,src/main/java/com/blade/kit/IocKit.java,IocKit.java,52,clover
849,3a1be7f0e673c0e814cd22cb9fc3a709385e4b60,src/main/java/com/blade/kit/IocKit.java,IocKit.java,75,clover
850,3a1be7f0e673c0e814cd22cb9fc3a709385e4b60,src/main/java/com/blade/kit/IocKit.java,IocKit.java,79,clover
851,3a1be7f0e673c0e814cd22cb9fc3a709385e4b60,src/main/java/com/blade/kit/BeanKit.java,BeanKit.java,51,clover
852,3a1be7f0e673c0e814cd22cb9fc3a709385e4b60,src/main/java/com/blade/kit/BeanKit.java,BeanKit.java,53,clover
853,3a1be7f0e673c0e814cd22cb9fc3a709385e4b60,src/main/java/com/blade/kit/BeanKit.java,BeanKit.java,58,clover
854,3a1be7f0e673c0e814cd22cb9fc3a709385e4b60,src/main/java/com/blade/kit/BeanKit.java,BeanKit.java,61,clover
855,3a1be7f0e673c0e814cd22cb9fc3a709385e4b60,src/main/java/com/blade/kit/json/BeanSerializer.java,BeanSerializer.java,58,clover
856,3a1be7f0e673c0e814cd22cb9fc3a709385e4b60,src/main/java/com/blade/kit/json/BeanSerializer.java,BeanSerializer.java,137,clover
857,3a1be7f0e673c0e814cd22cb9fc3a709385e4b60,src/main/java/com/blade/kit/json/BeanSerializer.java,BeanSerializer.java,237,clover
858,3a1be7f0e673c0e814cd22cb9fc3a709385e4b60,src/main/java/com/blade/ioc/bean/FieldInjector.java,FieldInjector.java,57,clover
859,3a1be7f0e673c0e814cd22cb9fc3a709385e4b60,src/main/java/com/blade/ioc/bean/ClassDefine.java,ClassDefine.java,71,clover
860,872aedda71d9783c710fd3d39e03c804da336d15,src/test/java/com/blade/ioc/FieldInjectorTest.java,FieldInjectorTest.java,19,clover
861,872aedda71d9783c710fd3d39e03c804da336d15,src/test/java/com/blade/ioc/ClassDefineTest.java,ClassDefineTest.java,26,clover
862,872aedda71d9783c710fd3d39e03c804da336d15,src/main/java/com/blade/test/BladeTestRunner.java,BladeTestRunner.java,42,clover
863,872aedda71d9783c710fd3d39e03c804da336d15,src/main/java/com/blade/kit/ReflectKit.java,ReflectKit.java,333,clover
864,872aedda71d9783c710fd3d39e03c804da336d15,src/main/java/com/blade/kit/ReflectKit.java,ReflectKit.java,334,clover
865,872aedda71d9783c710fd3d39e03c804da336d15,src/main/java/com/blade/kit/ReflectKit.java,ReflectKit.java,340,clover
866,872aedda71d9783c710fd3d39e03c804da336d15,src/main/java/com/blade/kit/ReflectKit.java,ReflectKit.java,341,clover
867,872aedda71d9783c710fd3d39e03c804da336d15,src/main/java/com/blade/kit/ReflectKit.java,ReflectKit.java,345,clover
868,872aedda71d9783c710fd3d39e03c804da336d15,src/main/java/com/blade/kit/ReflectKit.java,ReflectKit.java,346,clover
869,872aedda71d9783c710fd3d39e03c804da336d15,src/main/java/com/blade/kit/IocKit.java,IocKit.java,52,clover
870,872aedda71d9783c710fd3d39e03c804da336d15,src/main/java/com/blade/kit/IocKit.java,IocKit.java,75,clover
871,872aedda71d9783c710fd3d39e03c804da336d15,src/main/java/com/blade/kit/IocKit.java,IocKit.java,79,clover
872,872aedda71d9783c710fd3d39e03c804da336d15,src/main/java/com/blade/kit/BeanKit.java,BeanKit.java,51,clover
873,872aedda71d9783c710fd3d39e03c804da336d15,src/main/java/com/blade/kit/BeanKit.java,BeanKit.java,53,clover
874,872aedda71d9783c710fd3d39e03c804da336d15,src/main/java/com/blade/kit/BeanKit.java,BeanKit.java,58,clover
875,872aedda71d9783c710fd3d39e03c804da336d15,src/main/java/com/blade/kit/BeanKit.java,BeanKit.java,61,clover
876,872aedda71d9783c710fd3d39e03c804da336d15,src/main/java/com/blade/kit/json/BeanSerializer.java,BeanSerializer.java,58,clover
877,872aedda71d9783c710fd3d39e03c804da336d15,src/main/java/com/blade/kit/json/BeanSerializer.java,BeanSerializer.java,137,clover
878,872aedda71d9783c710fd3d39e03c804da336d15,src/main/java/com/blade/kit/json/BeanSerializer.java,BeanSerializer.java,237,clover
879,872aedda71d9783c710fd3d39e03c804da336d15,src/main/java/com/blade/ioc/bean/FieldInjector.java,FieldInjector.java,57,clover
880,872aedda71d9783c710fd3d39e03c804da336d15,src/main/java/com/blade/ioc/bean/ClassDefine.java,ClassDefine.java,71,clover
881,eebaeb0b83bc8728dd9c71d9cece6f43e02e2a61,src/test/java/com/blade/ioc/FieldInjectorTest.java,FieldInjectorTest.java,19,clover
882,eebaeb0b83bc8728dd9c71d9cece6f43e02e2a61,src/test/java/com/blade/ioc/ClassDefineTest.java,ClassDefineTest.java,26,clover
883,eebaeb0b83bc8728dd9c71d9cece6f43e02e2a61,src/main/java/com/blade/test/BladeTestRunner.java,BladeTestRunner.java,42,clover
884,eebaeb0b83bc8728dd9c71d9cece6f43e02e2a61,src/main/java/com/blade/kit/ReflectKit.java,ReflectKit.java,333,clover
885,eebaeb0b83bc8728dd9c71d9cece6f43e02e2a61,src/main/java/com/blade/kit/ReflectKit.java,ReflectKit.java,334,clover
886,eebaeb0b83bc8728dd9c71d9cece6f43e02e2a61,src/main/java/com/blade/kit/ReflectKit.java,ReflectKit.java,340,clover
887,eebaeb0b83bc8728dd9c71d9cece6f43e02e2a61,src/main/java/com/blade/kit/ReflectKit.java,ReflectKit.java,341,clover
888,eebaeb0b83bc8728dd9c71d9cece6f43e02e2a61,src/main/java/com/blade/kit/ReflectKit.java,ReflectKit.java,345,clover
889,eebaeb0b83bc8728dd9c71d9cece6f43e02e2a61,src/main/java/com/blade/kit/ReflectKit.java,ReflectKit.java,346,clover
890,eebaeb0b83bc8728dd9c71d9cece6f43e02e2a61,src/main/java/com/blade/kit/IocKit.java,IocKit.java,52,clover
891,eebaeb0b83bc8728dd9c71d9cece6f43e02e2a61,src/main/java/com/blade/kit/IocKit.java,IocKit.java,75,clover
892,eebaeb0b83bc8728dd9c71d9cece6f43e02e2a61,src/main/java/com/blade/kit/IocKit.java,IocKit.java,79,clover
893,eebaeb0b83bc8728dd9c71d9cece6f43e02e2a61,src/main/java/com/blade/kit/BeanKit.java,BeanKit.java,51,clover
894,eebaeb0b83bc8728dd9c71d9cece6f43e02e2a61,src/main/java/com/blade/kit/BeanKit.java,BeanKit.java,53,clover
895,eebaeb0b83bc8728dd9c71d9cece6f43e02e2a61,src/main/java/com/blade/kit/BeanKit.java,BeanKit.java,58,clover
896,eebaeb0b83bc8728dd9c71d9cece6f43e02e2a61,src/main/java/com/blade/kit/BeanKit.java,BeanKit.java,61,clover
897,eebaeb0b83bc8728dd9c71d9cece6f43e02e2a61,src/main/java/com/blade/kit/json/BeanSerializer.java,BeanSerializer.java,58,clover
898,eebaeb0b83bc8728dd9c71d9cece6f43e02e2a61,src/main/java/com/blade/kit/json/BeanSerializer.java,BeanSerializer.java,137,clover
899,eebaeb0b83bc8728dd9c71d9cece6f43e02e2a61,src/main/java/com/blade/kit/json/BeanSerializer.java,BeanSerializer.java,237,clover
900,eebaeb0b83bc8728dd9c71d9cece6f43e02e2a61,src/main/java/com/blade/ioc/bean/FieldInjector.java,FieldInjector.java,57,clover
901,eebaeb0b83bc8728dd9c71d9cece6f43e02e2a61,src/main/java/com/blade/ioc/bean/ClassDefine.java,ClassDefine.java,71,clover
902,b2dca7110eb43679be63077a161300080aec6e82,src/test/java/com/blade/ioc/FieldInjectorTest.java,FieldInjectorTest.java,19,clover
903,b2dca7110eb43679be63077a161300080aec6e82,src/test/java/com/blade/ioc/ClassDefineTest.java,ClassDefineTest.java,26,clover
904,b2dca7110eb43679be63077a161300080aec6e82,src/main/java/com/blade/test/BladeTestRunner.java,BladeTestRunner.java,42,clover
905,b2dca7110eb43679be63077a161300080aec6e82,src/main/java/com/blade/kit/ReflectKit.java,ReflectKit.java,333,clover
906,b2dca7110eb43679be63077a161300080aec6e82,src/main/java/com/blade/kit/ReflectKit.java,ReflectKit.java,334,clover
907,b2dca7110eb43679be63077a161300080aec6e82,src/main/java/com/blade/kit/ReflectKit.java,ReflectKit.java,340,clover
908,b2dca7110eb43679be63077a161300080aec6e82,src/main/java/com/blade/kit/ReflectKit.java,ReflectKit.java,341,clover
909,b2dca7110eb43679be63077a161300080aec6e82,src/main/java/com/blade/kit/ReflectKit.java,ReflectKit.java,345,clover
910,b2dca7110eb43679be63077a161300080aec6e82,src/main/java/com/blade/kit/ReflectKit.java,ReflectKit.java,346,clover
911,b2dca7110eb43679be63077a161300080aec6e82,src/main/java/com/blade/kit/IocKit.java,IocKit.java,52,clover
912,b2dca7110eb43679be63077a161300080aec6e82,src/main/java/com/blade/kit/IocKit.java,IocKit.java,75,clover
913,b2dca7110eb43679be63077a161300080aec6e82,src/main/java/com/blade/kit/IocKit.java,IocKit.java,79,clover
914,b2dca7110eb43679be63077a161300080aec6e82,src/main/java/com/blade/kit/BeanKit.java,BeanKit.java,51,clover
915,b2dca7110eb43679be63077a161300080aec6e82,src/main/java/com/blade/kit/BeanKit.java,BeanKit.java,53,clover
916,b2dca7110eb43679be63077a161300080aec6e82,src/main/java/com/blade/kit/BeanKit.java,BeanKit.java,58,clover
917,b2dca7110eb43679be63077a161300080aec6e82,src/main/java/com/blade/kit/BeanKit.java,BeanKit.java,61,clover
918,b2dca7110eb43679be63077a161300080aec6e82,src/main/java/com/blade/kit/json/BeanSerializer.java,BeanSerializer.java,58,clover
919,b2dca7110eb43679be63077a161300080aec6e82,src/main/java/com/blade/kit/json/BeanSerializer.java,BeanSerializer.java,137,clover
920,b2dca7110eb43679be63077a161300080aec6e82,src/main/java/com/blade/kit/json/BeanSerializer.java,BeanSerializer.java,237,clover
921,b2dca7110eb43679be63077a161300080aec6e82,src/main/java/com/blade/ioc/bean/FieldInjector.java,FieldInjector.java,57,clover
922,b2dca7110eb43679be63077a161300080aec6e82,src/main/java/com/blade/ioc/bean/ClassDefine.java,ClassDefine.java,71,clover
923,d226508a570a4450f284849ba64c3910d2022e23,src/test/java/com/blade/ioc/FieldInjectorTest.java,FieldInjectorTest.java,19,clover
924,d226508a570a4450f284849ba64c3910d2022e23,src/test/java/com/blade/ioc/ClassDefineTest.java,ClassDefineTest.java,26,clover
925,d226508a570a4450f284849ba64c3910d2022e23,src/main/java/com/blade/test/BladeTestRunner.java,BladeTestRunner.java,42,clover
926,d226508a570a4450f284849ba64c3910d2022e23,src/main/java/com/blade/kit/ReflectKit.java,ReflectKit.java,333,clover
927,d226508a570a4450f284849ba64c3910d2022e23,src/main/java/com/blade/kit/ReflectKit.java,ReflectKit.java,334,clover
928,d226508a570a4450f284849ba64c3910d2022e23,src/main/java/com/blade/kit/ReflectKit.java,ReflectKit.java,340,clover
929,d226508a570a4450f284849ba64c3910d2022e23,src/main/java/com/blade/kit/ReflectKit.java,ReflectKit.java,341,clover
930,d226508a570a4450f284849ba64c3910d2022e23,src/main/java/com/blade/kit/ReflectKit.java,ReflectKit.java,345,clover
931,d226508a570a4450f284849ba64c3910d2022e23,src/main/java/com/blade/kit/ReflectKit.java,ReflectKit.java,346,clover
932,d226508a570a4450f284849ba64c3910d2022e23,src/main/java/com/blade/kit/IocKit.java,IocKit.java,52,clover
933,d226508a570a4450f284849ba64c3910d2022e23,src/main/java/com/blade/kit/IocKit.java,IocKit.java,75,clover
934,d226508a570a4450f284849ba64c3910d2022e23,src/main/java/com/blade/kit/IocKit.java,IocKit.java,79,clover
935,d226508a570a4450f284849ba64c3910d2022e23,src/main/java/com/blade/kit/BeanKit.java,BeanKit.java,51,clover
936,d226508a570a4450f284849ba64c3910d2022e23,src/main/java/com/blade/kit/BeanKit.java,BeanKit.java,53,clover
937,d226508a570a4450f284849ba64c3910d2022e23,src/main/java/com/blade/kit/BeanKit.java,BeanKit.java,58,clover
938,d226508a570a4450f284849ba64c3910d2022e23,src/main/java/com/blade/kit/BeanKit.java,BeanKit.java,61,clover
939,d226508a570a4450f284849ba64c3910d2022e23,src/main/java/com/blade/kit/json/BeanSerializer.java,BeanSerializer.java,58,clover
940,d226508a570a4450f284849ba64c3910d2022e23,src/main/java/com/blade/kit/json/BeanSerializer.java,BeanSerializer.java,137,clover
941,d226508a570a4450f284849ba64c3910d2022e23,src/main/java/com/blade/kit/json/BeanSerializer.java,BeanSerializer.java,237,clover
942,d226508a570a4450f284849ba64c3910d2022e23,src/main/java/com/blade/ioc/bean/FieldInjector.java,FieldInjector.java,57,clover
943,d226508a570a4450f284849ba64c3910d2022e23,src/main/java/com/blade/ioc/bean/ClassDefine.java,ClassDefine.java,71,clover
944,19ba8c20117a8eca191206b66e238f4a520fc2f9,src/test/java/com/blade/ioc/FieldInjectorTest.java,FieldInjectorTest.java,19,clover
945,19ba8c20117a8eca191206b66e238f4a520fc2f9,src/test/java/com/blade/ioc/ClassDefineTest.java,ClassDefineTest.java,26,clover
946,19ba8c20117a8eca191206b66e238f4a520fc2f9,src/main/java/com/blade/test/BladeTestRunner.java,BladeTestRunner.java,42,clover
947,19ba8c20117a8eca191206b66e238f4a520fc2f9,src/main/java/com/blade/kit/ReflectKit.java,ReflectKit.java,333,clover
948,19ba8c20117a8eca191206b66e238f4a520fc2f9,src/main/java/com/blade/kit/ReflectKit.java,ReflectKit.java,334,clover
949,19ba8c20117a8eca191206b66e238f4a520fc2f9,src/main/java/com/blade/kit/ReflectKit.java,ReflectKit.java,340,clover
950,19ba8c20117a8eca191206b66e238f4a520fc2f9,src/main/java/com/blade/kit/ReflectKit.java,ReflectKit.java,341,clover
951,19ba8c20117a8eca191206b66e238f4a520fc2f9,src/main/java/com/blade/kit/ReflectKit.java,ReflectKit.java,345,clover
952,19ba8c20117a8eca191206b66e238f4a520fc2f9,src/main/java/com/blade/kit/ReflectKit.java,ReflectKit.java,346,clover
953,19ba8c20117a8eca191206b66e238f4a520fc2f9,src/main/java/com/blade/kit/IocKit.java,IocKit.java,52,clover
954,19ba8c20117a8eca191206b66e238f4a520fc2f9,src/main/java/com/blade/kit/IocKit.java,IocKit.java,75,clover
955,19ba8c20117a8eca191206b66e238f4a520fc2f9,src/main/java/com/blade/kit/IocKit.java,IocKit.java,79,clover
956,19ba8c20117a8eca191206b66e238f4a520fc2f9,src/main/java/com/blade/kit/BeanKit.java,BeanKit.java,51,clover
957,19ba8c20117a8eca191206b66e238f4a520fc2f9,src/main/java/com/blade/kit/BeanKit.java,BeanKit.java,53,clover
958,19ba8c20117a8eca191206b66e238f4a520fc2f9,src/main/java/com/blade/kit/BeanKit.java,BeanKit.java,58,clover
959,19ba8c20117a8eca191206b66e238f4a520fc2f9,src/main/java/com/blade/kit/BeanKit.java,BeanKit.java,61,clover
960,19ba8c20117a8eca191206b66e238f4a520fc2f9,src/main/java/com/blade/kit/json/BeanSerializer.java,BeanSerializer.java,58,clover
961,19ba8c20117a8eca191206b66e238f4a520fc2f9,src/main/java/com/blade/kit/json/BeanSerializer.java,BeanSerializer.java,137,clover
962,19ba8c20117a8eca191206b66e238f4a520fc2f9,src/main/java/com/blade/kit/json/BeanSerializer.java,BeanSerializer.java,237,clover
963,19ba8c20117a8eca191206b66e238f4a520fc2f9,src/main/java/com/blade/ioc/bean/FieldInjector.java,FieldInjector.java,57,clover
964,19ba8c20117a8eca191206b66e238f4a520fc2f9,src/main/java/com/blade/ioc/bean/ClassDefine.java,ClassDefine.java,71,clover
965,a40e1466e785bd77151e7fd3de41f8b364707ec4,src/test/java/com/blade/ioc/FieldInjectorTest.java,FieldInjectorTest.java,19,clover
966,a40e1466e785bd77151e7fd3de41f8b364707ec4,src/test/java/com/blade/ioc/ClassDefineTest.java,ClassDefineTest.java,26,clover
967,a40e1466e785bd77151e7fd3de41f8b364707ec4,src/main/java/com/blade/test/BladeTestRunner.java,BladeTestRunner.java,42,clover
968,a40e1466e785bd77151e7fd3de41f8b364707ec4,src/main/java/com/blade/kit/ReflectKit.java,ReflectKit.java,333,clover
969,a40e1466e785bd77151e7fd3de41f8b364707ec4,src/main/java/com/blade/kit/ReflectKit.java,ReflectKit.java,334,clover
970,a40e1466e785bd77151e7fd3de41f8b364707ec4,src/main/java/com/blade/kit/ReflectKit.java,ReflectKit.java,340,clover
971,a40e1466e785bd77151e7fd3de41f8b364707ec4,src/main/java/com/blade/kit/ReflectKit.java,ReflectKit.java,341,clover
972,a40e1466e785bd77151e7fd3de41f8b364707ec4,src/main/java/com/blade/kit/ReflectKit.java,ReflectKit.java,345,clover
973,a40e1466e785bd77151e7fd3de41f8b364707ec4,src/main/java/com/blade/kit/ReflectKit.java,ReflectKit.java,346,clover
974,a40e1466e785bd77151e7fd3de41f8b364707ec4,src/main/java/com/blade/kit/IocKit.java,IocKit.java,52,clover
975,a40e1466e785bd77151e7fd3de41f8b364707ec4,src/main/java/com/blade/kit/IocKit.java,IocKit.java,75,clover
976,a40e1466e785bd77151e7fd3de41f8b364707ec4,src/main/java/com/blade/kit/IocKit.java,IocKit.java,79,clover
977,a40e1466e785bd77151e7fd3de41f8b364707ec4,src/main/java/com/blade/kit/BeanKit.java,BeanKit.java,51,clover
978,a40e1466e785bd77151e7fd3de41f8b364707ec4,src/main/java/com/blade/kit/BeanKit.java,BeanKit.java,53,clover
979,a40e1466e785bd77151e7fd3de41f8b364707ec4,src/main/java/com/blade/kit/BeanKit.java,BeanKit.java,58,clover
980,a40e1466e785bd77151e7fd3de41f8b364707ec4,src/main/java/com/blade/kit/BeanKit.java,BeanKit.java,61,clover
981,a40e1466e785bd77151e7fd3de41f8b364707ec4,src/main/java/com/blade/kit/json/BeanSerializer.java,BeanSerializer.java,58,clover
982,a40e1466e785bd77151e7fd3de41f8b364707ec4,src/main/java/com/blade/kit/json/BeanSerializer.java,BeanSerializer.java,137,clover
983,a40e1466e785bd77151e7fd3de41f8b364707ec4,src/main/java/com/blade/kit/json/BeanSerializer.java,BeanSerializer.java,237,clover
984,a40e1466e785bd77151e7fd3de41f8b364707ec4,src/main/java/com/blade/ioc/bean/FieldInjector.java,FieldInjector.java,57,clover
985,a40e1466e785bd77151e7fd3de41f8b364707ec4,src/main/java/com/blade/ioc/bean/ClassDefine.java,ClassDefine.java,71,clover
986,ed09826e33d54b2ee406a93e98fe234322a06eea,src/test/java/com/blade/ioc/FieldInjectorTest.java,FieldInjectorTest.java,19,clover
987,ed09826e33d54b2ee406a93e98fe234322a06eea,src/test/java/com/blade/ioc/ClassDefineTest.java,ClassDefineTest.java,26,clover
988,ed09826e33d54b2ee406a93e98fe234322a06eea,src/main/java/com/blade/test/BladeTestRunner.java,BladeTestRunner.java,42,clover
989,ed09826e33d54b2ee406a93e98fe234322a06eea,src/main/java/com/blade/kit/ReflectKit.java,ReflectKit.java,333,clover
990,ed09826e33d54b2ee406a93e98fe234322a06eea,src/main/java/com/blade/kit/ReflectKit.java,ReflectKit.java,334,clover
991,ed09826e33d54b2ee406a93e98fe234322a06eea,src/main/java/com/blade/kit/ReflectKit.java,ReflectKit.java,340,clover
992,ed09826e33d54b2ee406a93e98fe234322a06eea,src/main/java/com/blade/kit/ReflectKit.java,ReflectKit.java,341,clover
993,ed09826e33d54b2ee406a93e98fe234322a06eea,src/main/java/com/blade/kit/ReflectKit.java,ReflectKit.java,345,clover
994,ed09826e33d54b2ee406a93e98fe234322a06eea,src/main/java/com/blade/kit/ReflectKit.java,ReflectKit.java,346,clover
995,ed09826e33d54b2ee406a93e98fe234322a06eea,src/main/java/com/blade/kit/IocKit.java,IocKit.java,52,clover
996,ed09826e33d54b2ee406a93e98fe234322a06eea,src/main/java/com/blade/kit/IocKit.java,IocKit.java,75,clover
997,ed09826e33d54b2ee406a93e98fe234322a06eea,src/main/java/com/blade/kit/IocKit.java,IocKit.java,79,clover
998,ed09826e33d54b2ee406a93e98fe234322a06eea,src/main/java/com/blade/kit/BeanKit.java,BeanKit.java,51,clover
999,ed09826e33d54b2ee406a93e98fe234322a06eea,src/main/java/com/blade/kit/BeanKit.java,BeanKit.java,53,clover
1000,ed09826e33d54b2ee406a93e98fe234322a06eea,src/main/java/com/blade/kit/BeanKit.java,BeanKit.java,58,clover
1001,ed09826e33d54b2ee406a93e98fe234322a06eea,src/main/java/com/blade/kit/BeanKit.java,BeanKit.java,61,clover
1002,ed09826e33d54b2ee406a93e98fe234322a06eea,src/main/java/com/blade/kit/json/BeanSerializer.java,BeanSerializer.java,58,clover
1003,ed09826e33d54b2ee406a93e98fe234322a06eea,src/main/java/com/blade/kit/json/BeanSerializer.java,BeanSerializer.java,137,clover
1004,ed09826e33d54b2ee406a93e98fe234322a06eea,src/main/java/com/blade/kit/json/BeanSerializer.java,BeanSerializer.java,237,clover
1005,ed09826e33d54b2ee406a93e98fe234322a06eea,src/main/java/com/blade/ioc/bean/FieldInjector.java,FieldInjector.java,57,clover
1006,ed09826e33d54b2ee406a93e98fe234322a06eea,src/main/java/com/blade/ioc/bean/ClassDefine.java,ClassDefine.java,71,clover
1007,906bf8614e9316e284c6421c126436a07f33c9d0,src/test/java/com/blade/ioc/FieldInjectorTest.java,FieldInjectorTest.java,19,clover
1008,906bf8614e9316e284c6421c126436a07f33c9d0,src/test/java/com/blade/ioc/ClassDefineTest.java,ClassDefineTest.java,26,clover
1009,906bf8614e9316e284c6421c126436a07f33c9d0,src/main/java/com/blade/test/BladeTestRunner.java,BladeTestRunner.java,42,clover
1010,906bf8614e9316e284c6421c126436a07f33c9d0,src/main/java/com/blade/kit/ReflectKit.java,ReflectKit.java,333,clover
1011,906bf8614e9316e284c6421c126436a07f33c9d0,src/main/java/com/blade/kit/ReflectKit.java,ReflectKit.java,334,clover
1012,906bf8614e9316e284c6421c126436a07f33c9d0,src/main/java/com/blade/kit/ReflectKit.java,ReflectKit.java,340,clover
1013,906bf8614e9316e284c6421c126436a07f33c9d0,src/main/java/com/blade/kit/ReflectKit.java,ReflectKit.java,341,clover
1014,906bf8614e9316e284c6421c126436a07f33c9d0,src/main/java/com/blade/kit/ReflectKit.java,ReflectKit.java,345,clover
1015,906bf8614e9316e284c6421c126436a07f33c9d0,src/main/java/com/blade/kit/ReflectKit.java,ReflectKit.java,346,clover
1016,906bf8614e9316e284c6421c126436a07f33c9d0,src/main/java/com/blade/kit/IocKit.java,IocKit.java,52,clover
1017,906bf8614e9316e284c6421c126436a07f33c9d0,src/main/java/com/blade/kit/IocKit.java,IocKit.java,75,clover
1018,906bf8614e9316e284c6421c126436a07f33c9d0,src/main/java/com/blade/kit/IocKit.java,IocKit.java,79,clover
1019,906bf8614e9316e284c6421c126436a07f33c9d0,src/main/java/com/blade/kit/BeanKit.java,BeanKit.java,51,clover
1020,906bf8614e9316e284c6421c126436a07f33c9d0,src/main/java/com/blade/kit/BeanKit.java,BeanKit.java,53,clover
1021,906bf8614e9316e284c6421c126436a07f33c9d0,src/main/java/com/blade/kit/BeanKit.java,BeanKit.java,58,clover
1022,906bf8614e9316e284c6421c126436a07f33c9d0,src/main/java/com/blade/kit/BeanKit.java,BeanKit.java,61,clover
1023,906bf8614e9316e284c6421c126436a07f33c9d0,src/main/java/com/blade/kit/json/BeanSerializer.java,BeanSerializer.java,58,clover
1024,906bf8614e9316e284c6421c126436a07f33c9d0,src/main/java/com/blade/kit/json/BeanSerializer.java,BeanSerializer.java,137,clover
1025,906bf8614e9316e284c6421c126436a07f33c9d0,src/main/java/com/blade/kit/json/BeanSerializer.java,BeanSerializer.java,237,clover
1026,906bf8614e9316e284c6421c126436a07f33c9d0,src/main/java/com/blade/ioc/bean/FieldInjector.java,FieldInjector.java,57,clover
1027,906bf8614e9316e284c6421c126436a07f33c9d0,src/main/java/com/blade/ioc/bean/ClassDefine.java,ClassDefine.java,71,clover
1028,de0bcb003b9e47665631bc4aa5ff5ae3cf43fa37,src/test/java/com/blade/ioc/FieldInjectorTest.java,FieldInjectorTest.java,19,clover
1029,de0bcb003b9e47665631bc4aa5ff5ae3cf43fa37,src/test/java/com/blade/ioc/ClassDefineTest.java,ClassDefineTest.java,26,clover
1030,de0bcb003b9e47665631bc4aa5ff5ae3cf43fa37,src/main/java/com/blade/test/BladeTestRunner.java,BladeTestRunner.java,42,clover
1031,de0bcb003b9e47665631bc4aa5ff5ae3cf43fa37,src/main/java/com/blade/kit/ReflectKit.java,ReflectKit.java,333,clover
1032,de0bcb003b9e47665631bc4aa5ff5ae3cf43fa37,src/main/java/com/blade/kit/ReflectKit.java,ReflectKit.java,334,clover
1033,de0bcb003b9e47665631bc4aa5ff5ae3cf43fa37,src/main/java/com/blade/kit/ReflectKit.java,ReflectKit.java,340,clover
1034,de0bcb003b9e47665631bc4aa5ff5ae3cf43fa37,src/main/java/com/blade/kit/ReflectKit.java,ReflectKit.java,341,clover
1035,de0bcb003b9e47665631bc4aa5ff5ae3cf43fa37,src/main/java/com/blade/kit/ReflectKit.java,ReflectKit.java,345,clover
1036,de0bcb003b9e47665631bc4aa5ff5ae3cf43fa37,src/main/java/com/blade/kit/ReflectKit.java,ReflectKit.java,346,clover
1037,de0bcb003b9e47665631bc4aa5ff5ae3cf43fa37,src/main/java/com/blade/kit/IocKit.java,IocKit.java,52,clover
1038,de0bcb003b9e47665631bc4aa5ff5ae3cf43fa37,src/main/java/com/blade/kit/IocKit.java,IocKit.java,75,clover
1039,de0bcb003b9e47665631bc4aa5ff5ae3cf43fa37,src/main/java/com/blade/kit/IocKit.java,IocKit.java,79,clover
1040,de0bcb003b9e47665631bc4aa5ff5ae3cf43fa37,src/main/java/com/blade/kit/BeanKit.java,BeanKit.java,51,clover
1041,de0bcb003b9e47665631bc4aa5ff5ae3cf43fa37,src/main/java/com/blade/kit/BeanKit.java,BeanKit.java,53,clover
1042,de0bcb003b9e47665631bc4aa5ff5ae3cf43fa37,src/main/java/com/blade/kit/BeanKit.java,BeanKit.java,58,clover
1043,de0bcb003b9e47665631bc4aa5ff5ae3cf43fa37,src/main/java/com/blade/kit/BeanKit.java,BeanKit.java,61,clover
1044,de0bcb003b9e47665631bc4aa5ff5ae3cf43fa37,src/main/java/com/blade/kit/json/BeanSerializer.java,BeanSerializer.java,58,clover
1045,de0bcb003b9e47665631bc4aa5ff5ae3cf43fa37,src/main/java/com/blade/kit/json/BeanSerializer.java,BeanSerializer.java,137,clover
1046,de0bcb003b9e47665631bc4aa5ff5ae3cf43fa37,src/main/java/com/blade/kit/json/BeanSerializer.java,BeanSerializer.java,237,clover
1047,de0bcb003b9e47665631bc4aa5ff5ae3cf43fa37,src/main/java/com/blade/ioc/bean/FieldInjector.java,FieldInjector.java,57,clover
1048,de0bcb003b9e47665631bc4aa5ff5ae3cf43fa37,src/main/java/com/blade/ioc/bean/ClassDefine.java,ClassDefine.java,71,clover
1049,2bf35050af954788bedf3d5d0f8c243053c805e3,src/test/java/com/blade/ioc/FieldInjectorTest.java,FieldInjectorTest.java,19,clover
1050,2bf35050af954788bedf3d5d0f8c243053c805e3,src/test/java/com/blade/ioc/ClassDefineTest.java,ClassDefineTest.java,26,clover
1051,2bf35050af954788bedf3d5d0f8c243053c805e3,src/main/java/com/blade/test/BladeTestRunner.java,BladeTestRunner.java,42,clover
1052,2bf35050af954788bedf3d5d0f8c243053c805e3,src/main/java/com/blade/kit/ReflectKit.java,ReflectKit.java,333,clover
1053,2bf35050af954788bedf3d5d0f8c243053c805e3,src/main/java/com/blade/kit/ReflectKit.java,ReflectKit.java,334,clover
1054,2bf35050af954788bedf3d5d0f8c243053c805e3,src/main/java/com/blade/kit/ReflectKit.java,ReflectKit.java,340,clover
1055,2bf35050af954788bedf3d5d0f8c243053c805e3,src/main/java/com/blade/kit/ReflectKit.java,ReflectKit.java,341,clover
1056,2bf35050af954788bedf3d5d0f8c243053c805e3,src/main/java/com/blade/kit/ReflectKit.java,ReflectKit.java,345,clover
1057,2bf35050af954788bedf3d5d0f8c243053c805e3,src/main/java/com/blade/kit/ReflectKit.java,ReflectKit.java,346,clover
1058,2bf35050af954788bedf3d5d0f8c243053c805e3,src/main/java/com/blade/kit/IocKit.java,IocKit.java,52,clover
1059,2bf35050af954788bedf3d5d0f8c243053c805e3,src/main/java/com/blade/kit/IocKit.java,IocKit.java,75,clover
1060,2bf35050af954788bedf3d5d0f8c243053c805e3,src/main/java/com/blade/kit/IocKit.java,IocKit.java,79,clover
1061,2bf35050af954788bedf3d5d0f8c243053c805e3,src/main/java/com/blade/kit/BeanKit.java,BeanKit.java,51,clover
1062,2bf35050af954788bedf3d5d0f8c243053c805e3,src/main/java/com/blade/kit/BeanKit.java,BeanKit.java,53,clover
1063,2bf35050af954788bedf3d5d0f8c243053c805e3,src/main/java/com/blade/kit/BeanKit.java,BeanKit.java,58,clover
1064,2bf35050af954788bedf3d5d0f8c243053c805e3,src/main/java/com/blade/kit/BeanKit.java,BeanKit.java,61,clover
1065,2bf35050af954788bedf3d5d0f8c243053c805e3,src/main/java/com/blade/kit/json/BeanSerializer.java,BeanSerializer.java,58,clover
1066,2bf35050af954788bedf3d5d0f8c243053c805e3,src/main/java/com/blade/kit/json/BeanSerializer.java,BeanSerializer.java,137,clover
1067,2bf35050af954788bedf3d5d0f8c243053c805e3,src/main/java/com/blade/kit/json/BeanSerializer.java,BeanSerializer.java,237,clover
1068,2bf35050af954788bedf3d5d0f8c243053c805e3,src/main/java/com/blade/ioc/bean/FieldInjector.java,FieldInjector.java,57,clover
1069,2bf35050af954788bedf3d5d0f8c243053c805e3,src/main/java/com/blade/ioc/bean/ClassDefine.java,ClassDefine.java,71,clover
1070,b941bee872d855554ca39a7d6b23223651c8b809,src/test/java/com/blade/ioc/FieldInjectorTest.java,FieldInjectorTest.java,19,clover
1071,b941bee872d855554ca39a7d6b23223651c8b809,src/test/java/com/blade/ioc/ClassDefineTest.java,ClassDefineTest.java,26,clover
1072,b941bee872d855554ca39a7d6b23223651c8b809,src/main/java/com/blade/test/BladeTestRunner.java,BladeTestRunner.java,42,clover
1073,b941bee872d855554ca39a7d6b23223651c8b809,src/main/java/com/blade/kit/ReflectKit.java,ReflectKit.java,333,clover
1074,b941bee872d855554ca39a7d6b23223651c8b809,src/main/java/com/blade/kit/ReflectKit.java,ReflectKit.java,334,clover
1075,b941bee872d855554ca39a7d6b23223651c8b809,src/main/java/com/blade/kit/ReflectKit.java,ReflectKit.java,340,clover
1076,b941bee872d855554ca39a7d6b23223651c8b809,src/main/java/com/blade/kit/ReflectKit.java,ReflectKit.java,341,clover
1077,b941bee872d855554ca39a7d6b23223651c8b809,src/main/java/com/blade/kit/ReflectKit.java,ReflectKit.java,345,clover
1078,b941bee872d855554ca39a7d6b23223651c8b809,src/main/java/com/blade/kit/ReflectKit.java,ReflectKit.java,346,clover
1079,b941bee872d855554ca39a7d6b23223651c8b809,src/main/java/com/blade/kit/IocKit.java,IocKit.java,52,clover
1080,b941bee872d855554ca39a7d6b23223651c8b809,src/main/java/com/blade/kit/IocKit.java,IocKit.java,75,clover
1081,b941bee872d855554ca39a7d6b23223651c8b809,src/main/java/com/blade/kit/IocKit.java,IocKit.java,79,clover
1082,b941bee872d855554ca39a7d6b23223651c8b809,src/main/java/com/blade/kit/BeanKit.java,BeanKit.java,51,clover
1083,b941bee872d855554ca39a7d6b23223651c8b809,src/main/java/com/blade/kit/BeanKit.java,BeanKit.java,53,clover
1084,b941bee872d855554ca39a7d6b23223651c8b809,src/main/java/com/blade/kit/BeanKit.java,BeanKit.java,58,clover
1085,b941bee872d855554ca39a7d6b23223651c8b809,src/main/java/com/blade/kit/BeanKit.java,BeanKit.java,61,clover
1086,b941bee872d855554ca39a7d6b23223651c8b809,src/main/java/com/blade/kit/json/BeanSerializer.java,BeanSerializer.java,58,clover
1087,b941bee872d855554ca39a7d6b23223651c8b809,src/main/java/com/blade/kit/json/BeanSerializer.java,BeanSerializer.java,137,clover
1088,b941bee872d855554ca39a7d6b23223651c8b809,src/main/java/com/blade/kit/json/BeanSerializer.java,BeanSerializer.java,237,clover
1089,b941bee872d855554ca39a7d6b23223651c8b809,src/main/java/com/blade/ioc/bean/FieldInjector.java,FieldInjector.java,57,clover
1090,b941bee872d855554ca39a7d6b23223651c8b809,src/main/java/com/blade/ioc/bean/ClassDefine.java,ClassDefine.java,71,clover
1091,fae093a595eb384acef2ba9961f5c7b786ee1674,src/test/java/com/blade/ioc/FieldInjectorTest.java,FieldInjectorTest.java,19,clover
1092,fae093a595eb384acef2ba9961f5c7b786ee1674,src/test/java/com/blade/ioc/ClassDefineTest.java,ClassDefineTest.java,26,clover
1093,fae093a595eb384acef2ba9961f5c7b786ee1674,src/main/java/com/blade/test/BladeTestRunner.java,BladeTestRunner.java,42,clover
1094,fae093a595eb384acef2ba9961f5c7b786ee1674,src/main/java/com/blade/kit/ReflectKit.java,ReflectKit.java,333,clover
1095,fae093a595eb384acef2ba9961f5c7b786ee1674,src/main/java/com/blade/kit/ReflectKit.java,ReflectKit.java,334,clover
1096,fae093a595eb384acef2ba9961f5c7b786ee1674,src/main/java/com/blade/kit/ReflectKit.java,ReflectKit.java,340,clover
1097,fae093a595eb384acef2ba9961f5c7b786ee1674,src/main/java/com/blade/kit/ReflectKit.java,ReflectKit.java,341,clover
1098,fae093a595eb384acef2ba9961f5c7b786ee1674,src/main/java/com/blade/kit/ReflectKit.java,ReflectKit.java,345,clover
1099,fae093a595eb384acef2ba9961f5c7b786ee1674,src/main/java/com/blade/kit/ReflectKit.java,ReflectKit.java,346,clover
1100,fae093a595eb384acef2ba9961f5c7b786ee1674,src/main/java/com/blade/kit/IocKit.java,IocKit.java,55,clover
1101,fae093a595eb384acef2ba9961f5c7b786ee1674,src/main/java/com/blade/kit/IocKit.java,IocKit.java,78,clover
1102,fae093a595eb384acef2ba9961f5c7b786ee1674,src/main/java/com/blade/kit/IocKit.java,IocKit.java,82,clover
1103,fae093a595eb384acef2ba9961f5c7b786ee1674,src/main/java/com/blade/kit/BeanKit.java,BeanKit.java,51,clover
1104,fae093a595eb384acef2ba9961f5c7b786ee1674,src/main/java/com/blade/kit/BeanKit.java,BeanKit.java,53,clover
1105,fae093a595eb384acef2ba9961f5c7b786ee1674,src/main/java/com/blade/kit/BeanKit.java,BeanKit.java,58,clover
1106,fae093a595eb384acef2ba9961f5c7b786ee1674,src/main/java/com/blade/kit/BeanKit.java,BeanKit.java,61,clover
1107,fae093a595eb384acef2ba9961f5c7b786ee1674,src/main/java/com/blade/kit/json/BeanSerializer.java,BeanSerializer.java,58,clover
1108,fae093a595eb384acef2ba9961f5c7b786ee1674,src/main/java/com/blade/kit/json/BeanSerializer.java,BeanSerializer.java,137,clover
1109,fae093a595eb384acef2ba9961f5c7b786ee1674,src/main/java/com/blade/kit/json/BeanSerializer.java,BeanSerializer.java,237,clover
1110,fae093a595eb384acef2ba9961f5c7b786ee1674,src/main/java/com/blade/ioc/bean/FieldInjector.java,FieldInjector.java,57,clover
1111,fae093a595eb384acef2ba9961f5c7b786ee1674,src/main/java/com/blade/ioc/bean/ClassDefine.java,ClassDefine.java,71,clover
1112,f61af3c3323e159be9b2da8d92d63c090d548414,src/test/java/com/blade/ioc/FieldInjectorTest.java,FieldInjectorTest.java,19,clover
1113,f61af3c3323e159be9b2da8d92d63c090d548414,src/test/java/com/blade/ioc/ClassDefineTest.java,ClassDefineTest.java,26,clover
1114,f61af3c3323e159be9b2da8d92d63c090d548414,src/main/java/com/blade/test/BladeTestRunner.java,BladeTestRunner.java,42,clover
1115,f61af3c3323e159be9b2da8d92d63c090d548414,src/main/java/com/blade/kit/ReflectKit.java,ReflectKit.java,333,clover
1116,f61af3c3323e159be9b2da8d92d63c090d548414,src/main/java/com/blade/kit/ReflectKit.java,ReflectKit.java,334,clover
1117,f61af3c3323e159be9b2da8d92d63c090d548414,src/main/java/com/blade/kit/ReflectKit.java,ReflectKit.java,340,clover
1118,f61af3c3323e159be9b2da8d92d63c090d548414,src/main/java/com/blade/kit/ReflectKit.java,ReflectKit.java,341,clover
1119,f61af3c3323e159be9b2da8d92d63c090d548414,src/main/java/com/blade/kit/ReflectKit.java,ReflectKit.java,345,clover
1120,f61af3c3323e159be9b2da8d92d63c090d548414,src/main/java/com/blade/kit/ReflectKit.java,ReflectKit.java,346,clover
1121,f61af3c3323e159be9b2da8d92d63c090d548414,src/main/java/com/blade/kit/IocKit.java,IocKit.java,55,clover
1122,f61af3c3323e159be9b2da8d92d63c090d548414,src/main/java/com/blade/kit/IocKit.java,IocKit.java,78,clover
1123,f61af3c3323e159be9b2da8d92d63c090d548414,src/main/java/com/blade/kit/IocKit.java,IocKit.java,82,clover
1124,f61af3c3323e159be9b2da8d92d63c090d548414,src/main/java/com/blade/kit/BeanKit.java,BeanKit.java,51,clover
1125,f61af3c3323e159be9b2da8d92d63c090d548414,src/main/java/com/blade/kit/BeanKit.java,BeanKit.java,53,clover
1126,f61af3c3323e159be9b2da8d92d63c090d548414,src/main/java/com/blade/kit/BeanKit.java,BeanKit.java,58,clover
1127,f61af3c3323e159be9b2da8d92d63c090d548414,src/main/java/com/blade/kit/BeanKit.java,BeanKit.java,61,clover
1128,f61af3c3323e159be9b2da8d92d63c090d548414,src/main/java/com/blade/kit/json/BeanSerializer.java,BeanSerializer.java,58,clover
1129,f61af3c3323e159be9b2da8d92d63c090d548414,src/main/java/com/blade/kit/json/BeanSerializer.java,BeanSerializer.java,137,clover
1130,f61af3c3323e159be9b2da8d92d63c090d548414,src/main/java/com/blade/kit/json/BeanSerializer.java,BeanSerializer.java,237,clover
1131,f61af3c3323e159be9b2da8d92d63c090d548414,src/main/java/com/blade/ioc/bean/FieldInjector.java,FieldInjector.java,57,clover
1132,f61af3c3323e159be9b2da8d92d63c090d548414,src/main/java/com/blade/ioc/bean/ClassDefine.java,ClassDefine.java,71,clover
1133,ed96519e23bc271b03e4ab1bc1be7a6013b0323c,src/test/java/com/blade/ioc/FieldInjectorTest.java,FieldInjectorTest.java,19,clover
1134,ed96519e23bc271b03e4ab1bc1be7a6013b0323c,src/test/java/com/blade/ioc/ClassDefineTest.java,ClassDefineTest.java,26,clover
1135,ed96519e23bc271b03e4ab1bc1be7a6013b0323c,src/main/java/com/blade/test/BladeTestRunner.java,BladeTestRunner.java,42,clover
1136,ed96519e23bc271b03e4ab1bc1be7a6013b0323c,src/main/java/com/blade/kit/ReflectKit.java,ReflectKit.java,333,clover
1137,ed96519e23bc271b03e4ab1bc1be7a6013b0323c,src/main/java/com/blade/kit/ReflectKit.java,ReflectKit.java,334,clover
1138,ed96519e23bc271b03e4ab1bc1be7a6013b0323c,src/main/java/com/blade/kit/ReflectKit.java,ReflectKit.java,340,clover
1139,ed96519e23bc271b03e4ab1bc1be7a6013b0323c,src/main/java/com/blade/kit/ReflectKit.java,ReflectKit.java,341,clover
1140,ed96519e23bc271b03e4ab1bc1be7a6013b0323c,src/main/java/com/blade/kit/ReflectKit.java,ReflectKit.java,345,clover
1141,ed96519e23bc271b03e4ab1bc1be7a6013b0323c,src/main/java/com/blade/kit/ReflectKit.java,ReflectKit.java,346,clover
1142,ed96519e23bc271b03e4ab1bc1be7a6013b0323c,src/main/java/com/blade/kit/IocKit.java,IocKit.java,55,clover
1143,ed96519e23bc271b03e4ab1bc1be7a6013b0323c,src/main/java/com/blade/kit/IocKit.java,IocKit.java,78,clover
1144,ed96519e23bc271b03e4ab1bc1be7a6013b0323c,src/main/java/com/blade/kit/IocKit.java,IocKit.java,82,clover
1145,ed96519e23bc271b03e4ab1bc1be7a6013b0323c,src/main/java/com/blade/kit/BeanKit.java,BeanKit.java,51,clover
1146,ed96519e23bc271b03e4ab1bc1be7a6013b0323c,src/main/java/com/blade/kit/BeanKit.java,BeanKit.java,53,clover
1147,ed96519e23bc271b03e4ab1bc1be7a6013b0323c,src/main/java/com/blade/kit/BeanKit.java,BeanKit.java,58,clover
1148,ed96519e23bc271b03e4ab1bc1be7a6013b0323c,src/main/java/com/blade/kit/BeanKit.java,BeanKit.java,61,clover
1149,ed96519e23bc271b03e4ab1bc1be7a6013b0323c,src/main/java/com/blade/kit/json/BeanSerializer.java,BeanSerializer.java,58,clover
1150,ed96519e23bc271b03e4ab1bc1be7a6013b0323c,src/main/java/com/blade/kit/json/BeanSerializer.java,BeanSerializer.java,137,clover
1151,ed96519e23bc271b03e4ab1bc1be7a6013b0323c,src/main/java/com/blade/kit/json/BeanSerializer.java,BeanSerializer.java,237,clover
1152,ed96519e23bc271b03e4ab1bc1be7a6013b0323c,src/main/java/com/blade/ioc/bean/FieldInjector.java,FieldInjector.java,57,clover
1153,ed96519e23bc271b03e4ab1bc1be7a6013b0323c,src/main/java/com/blade/ioc/bean/ClassDefine.java,ClassDefine.java,71,clover
1154,58472cfc746ea6d2b7bef0c3d413489d1773dcd6,src/test/java/com/blade/ioc/FieldInjectorTest.java,FieldInjectorTest.java,19,clover
1155,58472cfc746ea6d2b7bef0c3d413489d1773dcd6,src/test/java/com/blade/ioc/ClassDefineTest.java,ClassDefineTest.java,26,clover
1156,58472cfc746ea6d2b7bef0c3d413489d1773dcd6,src/main/java/com/blade/test/BladeTestRunner.java,BladeTestRunner.java,42,clover
1157,58472cfc746ea6d2b7bef0c3d413489d1773dcd6,src/main/java/com/blade/kit/ReflectKit.java,ReflectKit.java,333,clover
1158,58472cfc746ea6d2b7bef0c3d413489d1773dcd6,src/main/java/com/blade/kit/ReflectKit.java,ReflectKit.java,334,clover
1159,58472cfc746ea6d2b7bef0c3d413489d1773dcd6,src/main/java/com/blade/kit/ReflectKit.java,ReflectKit.java,340,clover
1160,58472cfc746ea6d2b7bef0c3d413489d1773dcd6,src/main/java/com/blade/kit/ReflectKit.java,ReflectKit.java,341,clover
1161,58472cfc746ea6d2b7bef0c3d413489d1773dcd6,src/main/java/com/blade/kit/ReflectKit.java,ReflectKit.java,345,clover
1162,58472cfc746ea6d2b7bef0c3d413489d1773dcd6,src/main/java/com/blade/kit/ReflectKit.java,ReflectKit.java,346,clover
1163,58472cfc746ea6d2b7bef0c3d413489d1773dcd6,src/main/java/com/blade/kit/IocKit.java,IocKit.java,55,clover
1164,58472cfc746ea6d2b7bef0c3d413489d1773dcd6,src/main/java/com/blade/kit/IocKit.java,IocKit.java,78,clover
1165,58472cfc746ea6d2b7bef0c3d413489d1773dcd6,src/main/java/com/blade/kit/IocKit.java,IocKit.java,82,clover
1166,58472cfc746ea6d2b7bef0c3d413489d1773dcd6,src/main/java/com/blade/kit/BeanKit.java,BeanKit.java,51,clover
1167,58472cfc746ea6d2b7bef0c3d413489d1773dcd6,src/main/java/com/blade/kit/BeanKit.java,BeanKit.java,53,clover
1168,58472cfc746ea6d2b7bef0c3d413489d1773dcd6,src/main/java/com/blade/kit/BeanKit.java,BeanKit.java,58,clover
1169,58472cfc746ea6d2b7bef0c3d413489d1773dcd6,src/main/java/com/blade/kit/BeanKit.java,BeanKit.java,61,clover
1170,58472cfc746ea6d2b7bef0c3d413489d1773dcd6,src/main/java/com/blade/kit/json/BeanSerializer.java,BeanSerializer.java,58,clover
1171,58472cfc746ea6d2b7bef0c3d413489d1773dcd6,src/main/java/com/blade/kit/json/BeanSerializer.java,BeanSerializer.java,137,clover
1172,58472cfc746ea6d2b7bef0c3d413489d1773dcd6,src/main/java/com/blade/kit/json/BeanSerializer.java,BeanSerializer.java,237,clover
1173,58472cfc746ea6d2b7bef0c3d413489d1773dcd6,src/main/java/com/blade/ioc/bean/FieldInjector.java,FieldInjector.java,57,clover
1174,58472cfc746ea6d2b7bef0c3d413489d1773dcd6,src/main/java/com/blade/ioc/bean/ClassDefine.java,ClassDefine.java,71,clover
1175,dc280c82383870683655b5adce00c05bdc878cd0,src/test/java/com/blade/ioc/FieldInjectorTest.java,FieldInjectorTest.java,19,clover
1176,dc280c82383870683655b5adce00c05bdc878cd0,src/test/java/com/blade/ioc/ClassDefineTest.java,ClassDefineTest.java,26,clover
1177,dc280c82383870683655b5adce00c05bdc878cd0,src/main/java/com/blade/test/BladeTestRunner.java,BladeTestRunner.java,42,clover
1178,dc280c82383870683655b5adce00c05bdc878cd0,src/main/java/com/blade/kit/ReflectKit.java,ReflectKit.java,333,clover
1179,dc280c82383870683655b5adce00c05bdc878cd0,src/main/java/com/blade/kit/ReflectKit.java,ReflectKit.java,334,clover
1180,dc280c82383870683655b5adce00c05bdc878cd0,src/main/java/com/blade/kit/ReflectKit.java,ReflectKit.java,340,clover
1181,dc280c82383870683655b5adce00c05bdc878cd0,src/main/java/com/blade/kit/ReflectKit.java,ReflectKit.java,341,clover
1182,dc280c82383870683655b5adce00c05bdc878cd0,src/main/java/com/blade/kit/ReflectKit.java,ReflectKit.java,345,clover
1183,dc280c82383870683655b5adce00c05bdc878cd0,src/main/java/com/blade/kit/ReflectKit.java,ReflectKit.java,346,clover
1184,dc280c82383870683655b5adce00c05bdc878cd0,src/main/java/com/blade/kit/IocKit.java,IocKit.java,55,clover
1185,dc280c82383870683655b5adce00c05bdc878cd0,src/main/java/com/blade/kit/IocKit.java,IocKit.java,78,clover
1186,dc280c82383870683655b5adce00c05bdc878cd0,src/main/java/com/blade/kit/IocKit.java,IocKit.java,82,clover
1187,dc280c82383870683655b5adce00c05bdc878cd0,src/main/java/com/blade/kit/BeanKit.java,BeanKit.java,51,clover
1188,dc280c82383870683655b5adce00c05bdc878cd0,src/main/java/com/blade/kit/BeanKit.java,BeanKit.java,53,clover
1189,dc280c82383870683655b5adce00c05bdc878cd0,src/main/java/com/blade/kit/BeanKit.java,BeanKit.java,58,clover
1190,dc280c82383870683655b5adce00c05bdc878cd0,src/main/java/com/blade/kit/BeanKit.java,BeanKit.java,61,clover
1191,dc280c82383870683655b5adce00c05bdc878cd0,src/main/java/com/blade/kit/json/BeanSerializer.java,BeanSerializer.java,58,clover
1192,dc280c82383870683655b5adce00c05bdc878cd0,src/main/java/com/blade/kit/json/BeanSerializer.java,BeanSerializer.java,137,clover
1193,dc280c82383870683655b5adce00c05bdc878cd0,src/main/java/com/blade/kit/json/BeanSerializer.java,BeanSerializer.java,237,clover
1194,dc280c82383870683655b5adce00c05bdc878cd0,src/main/java/com/blade/ioc/bean/FieldInjector.java,FieldInjector.java,57,clover
1195,dc280c82383870683655b5adce00c05bdc878cd0,src/main/java/com/blade/ioc/bean/ClassDefine.java,ClassDefine.java,71,clover
1196,130b89ab36f3fe62980811dee4d1e0d0c8e87302,src/test/java/com/blade/ioc/FieldInjectorTest.java,FieldInjectorTest.java,19,clover
1197,130b89ab36f3fe62980811dee4d1e0d0c8e87302,src/test/java/com/blade/ioc/ClassDefineTest.java,ClassDefineTest.java,26,clover
1198,130b89ab36f3fe62980811dee4d1e0d0c8e87302,src/main/java/com/blade/test/BladeTestRunner.java,BladeTestRunner.java,42,clover
1199,130b89ab36f3fe62980811dee4d1e0d0c8e87302,src/main/java/com/blade/kit/ReflectKit.java,ReflectKit.java,333,clover
1200,130b89ab36f3fe62980811dee4d1e0d0c8e87302,src/main/java/com/blade/kit/ReflectKit.java,ReflectKit.java,334,clover
1201,130b89ab36f3fe62980811dee4d1e0d0c8e87302,src/main/java/com/blade/kit/ReflectKit.java,ReflectKit.java,340,clover
1202,130b89ab36f3fe62980811dee4d1e0d0c8e87302,src/main/java/com/blade/kit/ReflectKit.java,ReflectKit.java,341,clover
1203,130b89ab36f3fe62980811dee4d1e0d0c8e87302,src/main/java/com/blade/kit/ReflectKit.java,ReflectKit.java,345,clover
1204,130b89ab36f3fe62980811dee4d1e0d0c8e87302,src/main/java/com/blade/kit/ReflectKit.java,ReflectKit.java,346,clover
1205,130b89ab36f3fe62980811dee4d1e0d0c8e87302,src/main/java/com/blade/kit/IocKit.java,IocKit.java,55,clover
1206,130b89ab36f3fe62980811dee4d1e0d0c8e87302,src/main/java/com/blade/kit/IocKit.java,IocKit.java,78,clover
1207,130b89ab36f3fe62980811dee4d1e0d0c8e87302,src/main/java/com/blade/kit/IocKit.java,IocKit.java,82,clover
1208,130b89ab36f3fe62980811dee4d1e0d0c8e87302,src/main/java/com/blade/kit/BeanKit.java,BeanKit.java,51,clover
1209,130b89ab36f3fe62980811dee4d1e0d0c8e87302,src/main/java/com/blade/kit/BeanKit.java,BeanKit.java,53,clover
1210,130b89ab36f3fe62980811dee4d1e0d0c8e87302,src/main/java/com/blade/kit/BeanKit.java,BeanKit.java,58,clover
1211,130b89ab36f3fe62980811dee4d1e0d0c8e87302,src/main/java/com/blade/kit/BeanKit.java,BeanKit.java,61,clover
1212,130b89ab36f3fe62980811dee4d1e0d0c8e87302,src/main/java/com/blade/kit/json/BeanSerializer.java,BeanSerializer.java,58,clover
1213,130b89ab36f3fe62980811dee4d1e0d0c8e87302,src/main/java/com/blade/kit/json/BeanSerializer.java,BeanSerializer.java,137,clover
1214,130b89ab36f3fe62980811dee4d1e0d0c8e87302,src/main/java/com/blade/kit/json/BeanSerializer.java,BeanSerializer.java,237,clover
1215,130b89ab36f3fe62980811dee4d1e0d0c8e87302,src/main/java/com/blade/ioc/bean/FieldInjector.java,FieldInjector.java,57,clover
1216,130b89ab36f3fe62980811dee4d1e0d0c8e87302,src/main/java/com/blade/ioc/bean/ClassDefine.java,ClassDefine.java,71,clover
1217,d3a2da3e760ece87d24f5f409801f689e57c2bd2,src/test/java/com/blade/ioc/FieldInjectorTest.java,FieldInjectorTest.java,19,clover
1218,d3a2da3e760ece87d24f5f409801f689e57c2bd2,src/test/java/com/blade/ioc/ClassDefineTest.java,ClassDefineTest.java,26,clover
1219,d3a2da3e760ece87d24f5f409801f689e57c2bd2,src/main/java/com/blade/test/BladeTestRunner.java,BladeTestRunner.java,42,clover
1220,d3a2da3e760ece87d24f5f409801f689e57c2bd2,src/main/java/com/blade/kit/ReflectKit.java,ReflectKit.java,333,clover
1221,d3a2da3e760ece87d24f5f409801f689e57c2bd2,src/main/java/com/blade/kit/ReflectKit.java,ReflectKit.java,334,clover
1222,d3a2da3e760ece87d24f5f409801f689e57c2bd2,src/main/java/com/blade/kit/ReflectKit.java,ReflectKit.java,340,clover
1223,d3a2da3e760ece87d24f5f409801f689e57c2bd2,src/main/java/com/blade/kit/ReflectKit.java,ReflectKit.java,341,clover
1224,d3a2da3e760ece87d24f5f409801f689e57c2bd2,src/main/java/com/blade/kit/ReflectKit.java,ReflectKit.java,345,clover
1225,d3a2da3e760ece87d24f5f409801f689e57c2bd2,src/main/java/com/blade/kit/ReflectKit.java,ReflectKit.java,346,clover
1226,d3a2da3e760ece87d24f5f409801f689e57c2bd2,src/main/java/com/blade/kit/IocKit.java,IocKit.java,55,clover
1227,d3a2da3e760ece87d24f5f409801f689e57c2bd2,src/main/java/com/blade/kit/IocKit.java,IocKit.java,78,clover
1228,d3a2da3e760ece87d24f5f409801f689e57c2bd2,src/main/java/com/blade/kit/IocKit.java,IocKit.java,82,clover
1229,d3a2da3e760ece87d24f5f409801f689e57c2bd2,src/main/java/com/blade/kit/BeanKit.java,BeanKit.java,51,clover
1230,d3a2da3e760ece87d24f5f409801f689e57c2bd2,src/main/java/com/blade/kit/BeanKit.java,BeanKit.java,53,clover
1231,d3a2da3e760ece87d24f5f409801f689e57c2bd2,src/main/java/com/blade/kit/BeanKit.java,BeanKit.java,58,clover
1232,d3a2da3e760ece87d24f5f409801f689e57c2bd2,src/main/java/com/blade/kit/BeanKit.java,BeanKit.java,61,clover
1233,d3a2da3e760ece87d24f5f409801f689e57c2bd2,src/main/java/com/blade/kit/json/BeanSerializer.java,BeanSerializer.java,58,clover
1234,d3a2da3e760ece87d24f5f409801f689e57c2bd2,src/main/java/com/blade/kit/json/BeanSerializer.java,BeanSerializer.java,137,clover
1235,d3a2da3e760ece87d24f5f409801f689e57c2bd2,src/main/java/com/blade/kit/json/BeanSerializer.java,BeanSerializer.java,237,clover
1236,d3a2da3e760ece87d24f5f409801f689e57c2bd2,src/main/java/com/blade/ioc/bean/FieldInjector.java,FieldInjector.java,57,clover
1237,d3a2da3e760ece87d24f5f409801f689e57c2bd2,src/main/java/com/blade/ioc/bean/ClassDefine.java,ClassDefine.java,71,clover
1238,4654784521bf0e83e41a45ad51c3688d6d87361b,src/test/java/com/blade/ioc/FieldInjectorTest.java,FieldInjectorTest.java,19,clover
1239,4654784521bf0e83e41a45ad51c3688d6d87361b,src/test/java/com/blade/ioc/ClassDefineTest.java,ClassDefineTest.java,26,clover
1240,4654784521bf0e83e41a45ad51c3688d6d87361b,src/main/java/com/blade/test/BladeTestRunner.java,BladeTestRunner.java,42,clover
1241,4654784521bf0e83e41a45ad51c3688d6d87361b,src/main/java/com/blade/kit/ReflectKit.java,ReflectKit.java,333,clover
1242,4654784521bf0e83e41a45ad51c3688d6d87361b,src/main/java/com/blade/kit/ReflectKit.java,ReflectKit.java,334,clover
1243,4654784521bf0e83e41a45ad51c3688d6d87361b,src/main/java/com/blade/kit/ReflectKit.java,ReflectKit.java,340,clover
1244,4654784521bf0e83e41a45ad51c3688d6d87361b,src/main/java/com/blade/kit/ReflectKit.java,ReflectKit.java,341,clover
1245,4654784521bf0e83e41a45ad51c3688d6d87361b,src/main/java/com/blade/kit/ReflectKit.java,ReflectKit.java,345,clover
1246,4654784521bf0e83e41a45ad51c3688d6d87361b,src/main/java/com/blade/kit/ReflectKit.java,ReflectKit.java,346,clover
1247,4654784521bf0e83e41a45ad51c3688d6d87361b,src/main/java/com/blade/kit/IocKit.java,IocKit.java,55,clover
1248,4654784521bf0e83e41a45ad51c3688d6d87361b,src/main/java/com/blade/kit/IocKit.java,IocKit.java,78,clover
1249,4654784521bf0e83e41a45ad51c3688d6d87361b,src/main/java/com/blade/kit/IocKit.java,IocKit.java,82,clover
1250,4654784521bf0e83e41a45ad51c3688d6d87361b,src/main/java/com/blade/kit/BeanKit.java,BeanKit.java,51,clover
1251,4654784521bf0e83e41a45ad51c3688d6d87361b,src/main/java/com/blade/kit/BeanKit.java,BeanKit.java,53,clover
1252,4654784521bf0e83e41a45ad51c3688d6d87361b,src/main/java/com/blade/kit/BeanKit.java,BeanKit.java,58,clover
1253,4654784521bf0e83e41a45ad51c3688d6d87361b,src/main/java/com/blade/kit/BeanKit.java,BeanKit.java,61,clover
1254,4654784521bf0e83e41a45ad51c3688d6d87361b,src/main/java/com/blade/kit/json/BeanSerializer.java,BeanSerializer.java,58,clover
1255,4654784521bf0e83e41a45ad51c3688d6d87361b,src/main/java/com/blade/kit/json/BeanSerializer.java,BeanSerializer.java,137,clover
1256,4654784521bf0e83e41a45ad51c3688d6d87361b,src/main/java/com/blade/kit/json/BeanSerializer.java,BeanSerializer.java,237,clover
1257,4654784521bf0e83e41a45ad51c3688d6d87361b,src/main/java/com/blade/ioc/bean/FieldInjector.java,FieldInjector.java,57,clover
1258,4654784521bf0e83e41a45ad51c3688d6d87361b,src/main/java/com/blade/ioc/bean/ClassDefine.java,ClassDefine.java,71,clover
1259,699f0cecaa027440832a3ca8fae7d2d4a4f5689e,src/test/java/com/blade/ioc/FieldInjectorTest.java,FieldInjectorTest.java,19,clover
1260,699f0cecaa027440832a3ca8fae7d2d4a4f5689e,src/test/java/com/blade/ioc/ClassDefineTest.java,ClassDefineTest.java,26,clover
1261,699f0cecaa027440832a3ca8fae7d2d4a4f5689e,src/main/java/com/blade/test/BladeTestRunner.java,BladeTestRunner.java,42,clover
1262,699f0cecaa027440832a3ca8fae7d2d4a4f5689e,src/main/java/com/blade/kit/ReflectKit.java,ReflectKit.java,333,clover
1263,699f0cecaa027440832a3ca8fae7d2d4a4f5689e,src/main/java/com/blade/kit/ReflectKit.java,ReflectKit.java,334,clover
1264,699f0cecaa027440832a3ca8fae7d2d4a4f5689e,src/main/java/com/blade/kit/ReflectKit.java,ReflectKit.java,340,clover
1265,699f0cecaa027440832a3ca8fae7d2d4a4f5689e,src/main/java/com/blade/kit/ReflectKit.java,ReflectKit.java,341,clover
1266,699f0cecaa027440832a3ca8fae7d2d4a4f5689e,src/main/java/com/blade/kit/ReflectKit.java,ReflectKit.java,345,clover
1267,699f0cecaa027440832a3ca8fae7d2d4a4f5689e,src/main/java/com/blade/kit/ReflectKit.java,ReflectKit.java,346,clover
1268,699f0cecaa027440832a3ca8fae7d2d4a4f5689e,src/main/java/com/blade/kit/IocKit.java,IocKit.java,55,clover
1269,699f0cecaa027440832a3ca8fae7d2d4a4f5689e,src/main/java/com/blade/kit/IocKit.java,IocKit.java,78,clover
1270,699f0cecaa027440832a3ca8fae7d2d4a4f5689e,src/main/java/com/blade/kit/IocKit.java,IocKit.java,82,clover
1271,699f0cecaa027440832a3ca8fae7d2d4a4f5689e,src/main/java/com/blade/kit/BeanKit.java,BeanKit.java,51,clover
1272,699f0cecaa027440832a3ca8fae7d2d4a4f5689e,src/main/java/com/blade/kit/BeanKit.java,BeanKit.java,53,clover
1273,699f0cecaa027440832a3ca8fae7d2d4a4f5689e,src/main/java/com/blade/kit/BeanKit.java,BeanKit.java,58,clover
1274,699f0cecaa027440832a3ca8fae7d2d4a4f5689e,src/main/java/com/blade/kit/BeanKit.java,BeanKit.java,61,clover
1275,699f0cecaa027440832a3ca8fae7d2d4a4f5689e,src/main/java/com/blade/kit/json/BeanSerializer.java,BeanSerializer.java,58,clover
1276,699f0cecaa027440832a3ca8fae7d2d4a4f5689e,src/main/java/com/blade/kit/json/BeanSerializer.java,BeanSerializer.java,137,clover
1277,699f0cecaa027440832a3ca8fae7d2d4a4f5689e,src/main/java/com/blade/kit/json/BeanSerializer.java,BeanSerializer.java,237,clover
1278,699f0cecaa027440832a3ca8fae7d2d4a4f5689e,src/main/java/com/blade/ioc/bean/FieldInjector.java,FieldInjector.java,57,clover
1279,699f0cecaa027440832a3ca8fae7d2d4a4f5689e,src/main/java/com/blade/ioc/bean/ClassDefine.java,ClassDefine.java,71,clover
1280,c75de9960ec905aa9f01c97e30cd20063776a37d,src/test/java/com/blade/ioc/FieldInjectorTest.java,FieldInjectorTest.java,19,clover
1281,c75de9960ec905aa9f01c97e30cd20063776a37d,src/test/java/com/blade/ioc/ClassDefineTest.java,ClassDefineTest.java,26,clover
1282,c75de9960ec905aa9f01c97e30cd20063776a37d,src/main/java/com/blade/test/BladeTestRunner.java,BladeTestRunner.java,42,clover
1283,c75de9960ec905aa9f01c97e30cd20063776a37d,src/main/java/com/blade/kit/ReflectKit.java,ReflectKit.java,333,clover
1284,c75de9960ec905aa9f01c97e30cd20063776a37d,src/main/java/com/blade/kit/ReflectKit.java,ReflectKit.java,334,clover
1285,c75de9960ec905aa9f01c97e30cd20063776a37d,src/main/java/com/blade/kit/ReflectKit.java,ReflectKit.java,340,clover
1286,c75de9960ec905aa9f01c97e30cd20063776a37d,src/main/java/com/blade/kit/ReflectKit.java,ReflectKit.java,341,clover
1287,c75de9960ec905aa9f01c97e30cd20063776a37d,src/main/java/com/blade/kit/ReflectKit.java,ReflectKit.java,345,clover
1288,c75de9960ec905aa9f01c97e30cd20063776a37d,src/main/java/com/blade/kit/ReflectKit.java,ReflectKit.java,346,clover
1289,c75de9960ec905aa9f01c97e30cd20063776a37d,src/main/java/com/blade/kit/IocKit.java,IocKit.java,55,clover
1290,c75de9960ec905aa9f01c97e30cd20063776a37d,src/main/java/com/blade/kit/IocKit.java,IocKit.java,78,clover
1291,c75de9960ec905aa9f01c97e30cd20063776a37d,src/main/java/com/blade/kit/IocKit.java,IocKit.java,82,clover
1292,c75de9960ec905aa9f01c97e30cd20063776a37d,src/main/java/com/blade/kit/BeanKit.java,BeanKit.java,51,clover
1293,c75de9960ec905aa9f01c97e30cd20063776a37d,src/main/java/com/blade/kit/BeanKit.java,BeanKit.java,53,clover
1294,c75de9960ec905aa9f01c97e30cd20063776a37d,src/main/java/com/blade/kit/BeanKit.java,BeanKit.java,58,clover
1295,c75de9960ec905aa9f01c97e30cd20063776a37d,src/main/java/com/blade/kit/BeanKit.java,BeanKit.java,61,clover
1296,c75de9960ec905aa9f01c97e30cd20063776a37d,src/main/java/com/blade/kit/json/BeanSerializer.java,BeanSerializer.java,58,clover
1297,c75de9960ec905aa9f01c97e30cd20063776a37d,src/main/java/com/blade/kit/json/BeanSerializer.java,BeanSerializer.java,137,clover
1298,c75de9960ec905aa9f01c97e30cd20063776a37d,src/main/java/com/blade/kit/json/BeanSerializer.java,BeanSerializer.java,237,clover
1299,c75de9960ec905aa9f01c97e30cd20063776a37d,src/main/java/com/blade/ioc/bean/FieldInjector.java,FieldInjector.java,57,clover
1300,c75de9960ec905aa9f01c97e30cd20063776a37d,src/main/java/com/blade/ioc/bean/ClassDefine.java,ClassDefine.java,71,clover
1301,6af9a90f58c05c25c531a533ff83be989534064a,src/test/java/com/blade/ioc/FieldInjectorTest.java,FieldInjectorTest.java,19,clover
1302,6af9a90f58c05c25c531a533ff83be989534064a,src/test/java/com/blade/ioc/ClassDefineTest.java,ClassDefineTest.java,26,clover
1303,6af9a90f58c05c25c531a533ff83be989534064a,src/main/java/com/blade/test/BladeTestRunner.java,BladeTestRunner.java,42,clover
1304,6af9a90f58c05c25c531a533ff83be989534064a,src/main/java/com/blade/kit/ReflectKit.java,ReflectKit.java,333,clover
1305,6af9a90f58c05c25c531a533ff83be989534064a,src/main/java/com/blade/kit/ReflectKit.java,ReflectKit.java,334,clover
1306,6af9a90f58c05c25c531a533ff83be989534064a,src/main/java/com/blade/kit/ReflectKit.java,ReflectKit.java,340,clover
1307,6af9a90f58c05c25c531a533ff83be989534064a,src/main/java/com/blade/kit/ReflectKit.java,ReflectKit.java,341,clover
1308,6af9a90f58c05c25c531a533ff83be989534064a,src/main/java/com/blade/kit/ReflectKit.java,ReflectKit.java,345,clover
1309,6af9a90f58c05c25c531a533ff83be989534064a,src/main/java/com/blade/kit/ReflectKit.java,ReflectKit.java,346,clover
1310,6af9a90f58c05c25c531a533ff83be989534064a,src/main/java/com/blade/kit/BladeKit.java,BladeKit.java,75,clover
1311,6af9a90f58c05c25c531a533ff83be989534064a,src/main/java/com/blade/kit/BladeKit.java,BladeKit.java,98,clover
1312,6af9a90f58c05c25c531a533ff83be989534064a,src/main/java/com/blade/kit/BladeKit.java,BladeKit.java,102,clover
1313,6af9a90f58c05c25c531a533ff83be989534064a,src/main/java/com/blade/kit/BeanKit.java,BeanKit.java,51,clover
1314,6af9a90f58c05c25c531a533ff83be989534064a,src/main/java/com/blade/kit/BeanKit.java,BeanKit.java,53,clover
1315,6af9a90f58c05c25c531a533ff83be989534064a,src/main/java/com/blade/kit/BeanKit.java,BeanKit.java,58,clover
1316,6af9a90f58c05c25c531a533ff83be989534064a,src/main/java/com/blade/kit/BeanKit.java,BeanKit.java,61,clover
1317,6af9a90f58c05c25c531a533ff83be989534064a,src/main/java/com/blade/kit/json/BeanSerializer.java,BeanSerializer.java,58,clover
1318,6af9a90f58c05c25c531a533ff83be989534064a,src/main/java/com/blade/kit/json/BeanSerializer.java,BeanSerializer.java,137,clover
1319,6af9a90f58c05c25c531a533ff83be989534064a,src/main/java/com/blade/kit/json/BeanSerializer.java,BeanSerializer.java,237,clover
1320,6af9a90f58c05c25c531a533ff83be989534064a,src/main/java/com/blade/ioc/bean/ClassDefine.java,ClassDefine.java,76,clover
1321,c9833d6069aeeb7e2c302bc503a5881c4256e056,src/test/java/com/blade/ioc/FieldInjectorTest.java,FieldInjectorTest.java,19,clover
1322,c9833d6069aeeb7e2c302bc503a5881c4256e056,src/test/java/com/blade/ioc/ClassDefineTest.java,ClassDefineTest.java,26,clover
1323,c9833d6069aeeb7e2c302bc503a5881c4256e056,src/main/java/com/blade/test/BladeTestRunner.java,BladeTestRunner.java,42,clover
1324,c9833d6069aeeb7e2c302bc503a5881c4256e056,src/main/java/com/blade/kit/ReflectKit.java,ReflectKit.java,333,clover
1325,c9833d6069aeeb7e2c302bc503a5881c4256e056,src/main/java/com/blade/kit/ReflectKit.java,ReflectKit.java,334,clover
1326,c9833d6069aeeb7e2c302bc503a5881c4256e056,src/main/java/com/blade/kit/ReflectKit.java,ReflectKit.java,340,clover
1327,c9833d6069aeeb7e2c302bc503a5881c4256e056,src/main/java/com/blade/kit/ReflectKit.java,ReflectKit.java,341,clover
1328,c9833d6069aeeb7e2c302bc503a5881c4256e056,src/main/java/com/blade/kit/ReflectKit.java,ReflectKit.java,345,clover
1329,c9833d6069aeeb7e2c302bc503a5881c4256e056,src/main/java/com/blade/kit/ReflectKit.java,ReflectKit.java,346,clover
1330,c9833d6069aeeb7e2c302bc503a5881c4256e056,src/main/java/com/blade/kit/IocKit.java,IocKit.java,55,clover
1331,c9833d6069aeeb7e2c302bc503a5881c4256e056,src/main/java/com/blade/kit/IocKit.java,IocKit.java,78,clover
1332,c9833d6069aeeb7e2c302bc503a5881c4256e056,src/main/java/com/blade/kit/IocKit.java,IocKit.java,82,clover
1333,c9833d6069aeeb7e2c302bc503a5881c4256e056,src/main/java/com/blade/kit/BeanKit.java,BeanKit.java,51,clover
1334,c9833d6069aeeb7e2c302bc503a5881c4256e056,src/main/java/com/blade/kit/BeanKit.java,BeanKit.java,53,clover
1335,c9833d6069aeeb7e2c302bc503a5881c4256e056,src/main/java/com/blade/kit/BeanKit.java,BeanKit.java,58,clover
1336,c9833d6069aeeb7e2c302bc503a5881c4256e056,src/main/java/com/blade/kit/BeanKit.java,BeanKit.java,61,clover
1337,c9833d6069aeeb7e2c302bc503a5881c4256e056,src/main/java/com/blade/kit/json/BeanSerializer.java,BeanSerializer.java,58,clover
1338,c9833d6069aeeb7e2c302bc503a5881c4256e056,src/main/java/com/blade/kit/json/BeanSerializer.java,BeanSerializer.java,137,clover
1339,c9833d6069aeeb7e2c302bc503a5881c4256e056,src/main/java/com/blade/kit/json/BeanSerializer.java,BeanSerializer.java,237,clover
1340,c9833d6069aeeb7e2c302bc503a5881c4256e056,src/main/java/com/blade/ioc/bean/FieldInjector.java,FieldInjector.java,57,clover
1341,c9833d6069aeeb7e2c302bc503a5881c4256e056,src/main/java/com/blade/ioc/bean/ClassDefine.java,ClassDefine.java,71,clover
1342,3888bde9f3e1503b75538e708d34b5180563b011,src/test/java/com/blade/ioc/FieldInjectorTest.java,FieldInjectorTest.java,19,clover
1343,3888bde9f3e1503b75538e708d34b5180563b011,src/test/java/com/blade/ioc/ClassDefineTest.java,ClassDefineTest.java,26,clover
1344,3888bde9f3e1503b75538e708d34b5180563b011,src/main/java/com/blade/test/BladeTestRunner.java,BladeTestRunner.java,42,clover
1345,3888bde9f3e1503b75538e708d34b5180563b011,src/main/java/com/blade/kit/ReflectKit.java,ReflectKit.java,333,clover
1346,3888bde9f3e1503b75538e708d34b5180563b011,src/main/java/com/blade/kit/ReflectKit.java,ReflectKit.java,334,clover
1347,3888bde9f3e1503b75538e708d34b5180563b011,src/main/java/com/blade/kit/ReflectKit.java,ReflectKit.java,340,clover
1348,3888bde9f3e1503b75538e708d34b5180563b011,src/main/java/com/blade/kit/ReflectKit.java,ReflectKit.java,341,clover
1349,3888bde9f3e1503b75538e708d34b5180563b011,src/main/java/com/blade/kit/ReflectKit.java,ReflectKit.java,345,clover
1350,3888bde9f3e1503b75538e708d34b5180563b011,src/main/java/com/blade/kit/ReflectKit.java,ReflectKit.java,346,clover
1351,3888bde9f3e1503b75538e708d34b5180563b011,src/main/java/com/blade/kit/IocKit.java,IocKit.java,55,clover
1352,3888bde9f3e1503b75538e708d34b5180563b011,src/main/java/com/blade/kit/IocKit.java,IocKit.java,78,clover
1353,3888bde9f3e1503b75538e708d34b5180563b011,src/main/java/com/blade/kit/IocKit.java,IocKit.java,82,clover
1354,3888bde9f3e1503b75538e708d34b5180563b011,src/main/java/com/blade/kit/BeanKit.java,BeanKit.java,51,clover
1355,3888bde9f3e1503b75538e708d34b5180563b011,src/main/java/com/blade/kit/BeanKit.java,BeanKit.java,53,clover
1356,3888bde9f3e1503b75538e708d34b5180563b011,src/main/java/com/blade/kit/BeanKit.java,BeanKit.java,58,clover
1357,3888bde9f3e1503b75538e708d34b5180563b011,src/main/java/com/blade/kit/BeanKit.java,BeanKit.java,61,clover
1358,3888bde9f3e1503b75538e708d34b5180563b011,src/main/java/com/blade/kit/json/BeanSerializer.java,BeanSerializer.java,58,clover
1359,3888bde9f3e1503b75538e708d34b5180563b011,src/main/java/com/blade/kit/json/BeanSerializer.java,BeanSerializer.java,137,clover
1360,3888bde9f3e1503b75538e708d34b5180563b011,src/main/java/com/blade/kit/json/BeanSerializer.java,BeanSerializer.java,237,clover
1361,3888bde9f3e1503b75538e708d34b5180563b011,src/main/java/com/blade/ioc/bean/FieldInjector.java,FieldInjector.java,57,clover
1362,3888bde9f3e1503b75538e708d34b5180563b011,src/main/java/com/blade/ioc/bean/ClassDefine.java,ClassDefine.java,71,clover
1363,af20f5f711cfac46d4b5bf5c919bd0a28fc586ab,src/test/java/com/blade/ioc/FieldInjectorTest.java,FieldInjectorTest.java,19,clover
1364,af20f5f711cfac46d4b5bf5c919bd0a28fc586ab,src/test/java/com/blade/ioc/ClassDefineTest.java,ClassDefineTest.java,26,clover
1365,af20f5f711cfac46d4b5bf5c919bd0a28fc586ab,src/main/java/com/blade/test/BladeTestRunner.java,BladeTestRunner.java,42,clover
1366,af20f5f711cfac46d4b5bf5c919bd0a28fc586ab,src/main/java/com/blade/kit/ReflectKit.java,ReflectKit.java,333,clover
1367,af20f5f711cfac46d4b5bf5c919bd0a28fc586ab,src/main/java/com/blade/kit/ReflectKit.java,ReflectKit.java,334,clover
1368,af20f5f711cfac46d4b5bf5c919bd0a28fc586ab,src/main/java/com/blade/kit/ReflectKit.java,ReflectKit.java,340,clover
1369,af20f5f711cfac46d4b5bf5c919bd0a28fc586ab,src/main/java/com/blade/kit/ReflectKit.java,ReflectKit.java,341,clover
1370,af20f5f711cfac46d4b5bf5c919bd0a28fc586ab,src/main/java/com/blade/kit/ReflectKit.java,ReflectKit.java,345,clover
1371,af20f5f711cfac46d4b5bf5c919bd0a28fc586ab,src/main/java/com/blade/kit/ReflectKit.java,ReflectKit.java,346,clover
1372,af20f5f711cfac46d4b5bf5c919bd0a28fc586ab,src/main/java/com/blade/kit/BladeKit.java,BladeKit.java,75,clover
1373,af20f5f711cfac46d4b5bf5c919bd0a28fc586ab,src/main/java/com/blade/kit/BladeKit.java,BladeKit.java,98,clover
1374,af20f5f711cfac46d4b5bf5c919bd0a28fc586ab,src/main/java/com/blade/kit/BladeKit.java,BladeKit.java,102,clover
1375,af20f5f711cfac46d4b5bf5c919bd0a28fc586ab,src/main/java/com/blade/kit/BeanKit.java,BeanKit.java,51,clover
1376,af20f5f711cfac46d4b5bf5c919bd0a28fc586ab,src/main/java/com/blade/kit/BeanKit.java,BeanKit.java,53,clover
1377,af20f5f711cfac46d4b5bf5c919bd0a28fc586ab,src/main/java/com/blade/kit/BeanKit.java,BeanKit.java,58,clover
1378,af20f5f711cfac46d4b5bf5c919bd0a28fc586ab,src/main/java/com/blade/kit/BeanKit.java,BeanKit.java,61,clover
1379,af20f5f711cfac46d4b5bf5c919bd0a28fc586ab,src/main/java/com/blade/kit/json/BeanSerializer.java,BeanSerializer.java,58,clover
1380,af20f5f711cfac46d4b5bf5c919bd0a28fc586ab,src/main/java/com/blade/kit/json/BeanSerializer.java,BeanSerializer.java,137,clover
1381,af20f5f711cfac46d4b5bf5c919bd0a28fc586ab,src/main/java/com/blade/kit/json/BeanSerializer.java,BeanSerializer.java,237,clover
1382,af20f5f711cfac46d4b5bf5c919bd0a28fc586ab,src/main/java/com/blade/ioc/bean/ClassDefine.java,ClassDefine.java,76,clover
1383,60e844a5b7e32205aafcd33404f4af041f8b63ff,src/test/java/com/blade/ioc/FieldInjectorTest.java,FieldInjectorTest.java,19,clover
1384,60e844a5b7e32205aafcd33404f4af041f8b63ff,src/test/java/com/blade/ioc/ClassDefineTest.java,ClassDefineTest.java,26,clover
1385,60e844a5b7e32205aafcd33404f4af041f8b63ff,src/main/java/com/blade/test/BladeTestRunner.java,BladeTestRunner.java,42,clover
1386,60e844a5b7e32205aafcd33404f4af041f8b63ff,src/main/java/com/blade/kit/ReflectKit.java,ReflectKit.java,333,clover
1387,60e844a5b7e32205aafcd33404f4af041f8b63ff,src/main/java/com/blade/kit/ReflectKit.java,ReflectKit.java,334,clover
1388,60e844a5b7e32205aafcd33404f4af041f8b63ff,src/main/java/com/blade/kit/ReflectKit.java,ReflectKit.java,340,clover
1389,60e844a5b7e32205aafcd33404f4af041f8b63ff,src/main/java/com/blade/kit/ReflectKit.java,ReflectKit.java,341,clover
1390,60e844a5b7e32205aafcd33404f4af041f8b63ff,src/main/java/com/blade/kit/ReflectKit.java,ReflectKit.java,345,clover
1391,60e844a5b7e32205aafcd33404f4af041f8b63ff,src/main/java/com/blade/kit/ReflectKit.java,ReflectKit.java,346,clover
1392,60e844a5b7e32205aafcd33404f4af041f8b63ff,src/main/java/com/blade/kit/BladeKit.java,BladeKit.java,75,clover
1393,60e844a5b7e32205aafcd33404f4af041f8b63ff,src/main/java/com/blade/kit/BladeKit.java,BladeKit.java,98,clover
1394,60e844a5b7e32205aafcd33404f4af041f8b63ff,src/main/java/com/blade/kit/BladeKit.java,BladeKit.java,102,clover
1395,60e844a5b7e32205aafcd33404f4af041f8b63ff,src/main/java/com/blade/kit/BeanKit.java,BeanKit.java,51,clover
1396,60e844a5b7e32205aafcd33404f4af041f8b63ff,src/main/java/com/blade/kit/BeanKit.java,BeanKit.java,53,clover
1397,60e844a5b7e32205aafcd33404f4af041f8b63ff,src/main/java/com/blade/kit/BeanKit.java,BeanKit.java,58,clover
1398,60e844a5b7e32205aafcd33404f4af041f8b63ff,src/main/java/com/blade/kit/BeanKit.java,BeanKit.java,61,clover
1399,60e844a5b7e32205aafcd33404f4af041f8b63ff,src/main/java/com/blade/kit/json/BeanSerializer.java,BeanSerializer.java,58,clover
1400,60e844a5b7e32205aafcd33404f4af041f8b63ff,src/main/java/com/blade/kit/json/BeanSerializer.java,BeanSerializer.java,137,clover
1401,60e844a5b7e32205aafcd33404f4af041f8b63ff,src/main/java/com/blade/kit/json/BeanSerializer.java,BeanSerializer.java,237,clover
1402,60e844a5b7e32205aafcd33404f4af041f8b63ff,src/main/java/com/blade/ioc/bean/ClassDefine.java,ClassDefine.java,76,clover
1403,7abecc2ff19c97823dde679e5e0d89581bd21832,src/test/java/com/blade/ioc/FieldInjectorTest.java,FieldInjectorTest.java,19,clover
1404,7abecc2ff19c97823dde679e5e0d89581bd21832,src/test/java/com/blade/ioc/ClassDefineTest.java,ClassDefineTest.java,26,clover
1405,7abecc2ff19c97823dde679e5e0d89581bd21832,src/main/java/com/blade/test/BladeTestRunner.java,BladeTestRunner.java,42,clover
1406,7abecc2ff19c97823dde679e5e0d89581bd21832,src/main/java/com/blade/kit/ReflectKit.java,ReflectKit.java,333,clover
1407,7abecc2ff19c97823dde679e5e0d89581bd21832,src/main/java/com/blade/kit/ReflectKit.java,ReflectKit.java,334,clover
1408,7abecc2ff19c97823dde679e5e0d89581bd21832,src/main/java/com/blade/kit/ReflectKit.java,ReflectKit.java,340,clover
1409,7abecc2ff19c97823dde679e5e0d89581bd21832,src/main/java/com/blade/kit/ReflectKit.java,ReflectKit.java,341,clover
1410,7abecc2ff19c97823dde679e5e0d89581bd21832,src/main/java/com/blade/kit/ReflectKit.java,ReflectKit.java,345,clover
1411,7abecc2ff19c97823dde679e5e0d89581bd21832,src/main/java/com/blade/kit/ReflectKit.java,ReflectKit.java,346,clover
1412,7abecc2ff19c97823dde679e5e0d89581bd21832,src/main/java/com/blade/kit/IocKit.java,IocKit.java,55,clover
1413,7abecc2ff19c97823dde679e5e0d89581bd21832,src/main/java/com/blade/kit/IocKit.java,IocKit.java,78,clover
1414,7abecc2ff19c97823dde679e5e0d89581bd21832,src/main/java/com/blade/kit/IocKit.java,IocKit.java,82,clover
1415,7abecc2ff19c97823dde679e5e0d89581bd21832,src/main/java/com/blade/kit/BeanKit.java,BeanKit.java,51,clover
1416,7abecc2ff19c97823dde679e5e0d89581bd21832,src/main/java/com/blade/kit/BeanKit.java,BeanKit.java,53,clover
1417,7abecc2ff19c97823dde679e5e0d89581bd21832,src/main/java/com/blade/kit/BeanKit.java,BeanKit.java,58,clover
1418,7abecc2ff19c97823dde679e5e0d89581bd21832,src/main/java/com/blade/kit/BeanKit.java,BeanKit.java,61,clover
1419,7abecc2ff19c97823dde679e5e0d89581bd21832,src/main/java/com/blade/kit/json/BeanSerializer.java,BeanSerializer.java,58,clover
1420,7abecc2ff19c97823dde679e5e0d89581bd21832,src/main/java/com/blade/kit/json/BeanSerializer.java,BeanSerializer.java,137,clover
1421,7abecc2ff19c97823dde679e5e0d89581bd21832,src/main/java/com/blade/kit/json/BeanSerializer.java,BeanSerializer.java,237,clover
1422,7abecc2ff19c97823dde679e5e0d89581bd21832,src/main/java/com/blade/ioc/bean/FieldInjector.java,FieldInjector.java,57,clover
1423,7abecc2ff19c97823dde679e5e0d89581bd21832,src/main/java/com/blade/ioc/bean/ClassDefine.java,ClassDefine.java,71,clover
1424,503330d75b292b95960478d2de68bd780084ff31,src/test/java/com/blade/ioc/FieldInjectorTest.java,FieldInjectorTest.java,19,clover
1425,503330d75b292b95960478d2de68bd780084ff31,src/test/java/com/blade/ioc/ClassDefineTest.java,ClassDefineTest.java,26,clover
1426,503330d75b292b95960478d2de68bd780084ff31,src/main/java/com/blade/test/BladeTestRunner.java,BladeTestRunner.java,42,clover
1427,503330d75b292b95960478d2de68bd780084ff31,src/main/java/com/blade/kit/ReflectKit.java,ReflectKit.java,333,clover
1428,503330d75b292b95960478d2de68bd780084ff31,src/main/java/com/blade/kit/ReflectKit.java,ReflectKit.java,334,clover
1429,503330d75b292b95960478d2de68bd780084ff31,src/main/java/com/blade/kit/ReflectKit.java,ReflectKit.java,340,clover
1430,503330d75b292b95960478d2de68bd780084ff31,src/main/java/com/blade/kit/ReflectKit.java,ReflectKit.java,341,clover
1431,503330d75b292b95960478d2de68bd780084ff31,src/main/java/com/blade/kit/ReflectKit.java,ReflectKit.java,345,clover
1432,503330d75b292b95960478d2de68bd780084ff31,src/main/java/com/blade/kit/ReflectKit.java,ReflectKit.java,346,clover
1433,503330d75b292b95960478d2de68bd780084ff31,src/main/java/com/blade/kit/IocKit.java,IocKit.java,55,clover
1434,503330d75b292b95960478d2de68bd780084ff31,src/main/java/com/blade/kit/IocKit.java,IocKit.java,78,clover
1435,503330d75b292b95960478d2de68bd780084ff31,src/main/java/com/blade/kit/IocKit.java,IocKit.java,82,clover
1436,503330d75b292b95960478d2de68bd780084ff31,src/main/java/com/blade/kit/BeanKit.java,BeanKit.java,51,clover
1437,503330d75b292b95960478d2de68bd780084ff31,src/main/java/com/blade/kit/BeanKit.java,BeanKit.java,53,clover
1438,503330d75b292b95960478d2de68bd780084ff31,src/main/java/com/blade/kit/BeanKit.java,BeanKit.java,58,clover
1439,503330d75b292b95960478d2de68bd780084ff31,src/main/java/com/blade/kit/BeanKit.java,BeanKit.java,61,clover
1440,503330d75b292b95960478d2de68bd780084ff31,src/main/java/com/blade/kit/json/BeanSerializer.java,BeanSerializer.java,58,clover
1441,503330d75b292b95960478d2de68bd780084ff31,src/main/java/com/blade/kit/json/BeanSerializer.java,BeanSerializer.java,137,clover
1442,503330d75b292b95960478d2de68bd780084ff31,src/main/java/com/blade/kit/json/BeanSerializer.java,BeanSerializer.java,237,clover
1443,503330d75b292b95960478d2de68bd780084ff31,src/main/java/com/blade/ioc/bean/FieldInjector.java,FieldInjector.java,57,clover
1444,503330d75b292b95960478d2de68bd780084ff31,src/main/java/com/blade/ioc/bean/ClassDefine.java,ClassDefine.java,71,clover
1445,33fb823694fd78320a727435e6c321886a9788ff,src/test/java/com/blade/ioc/FieldInjectorTest.java,FieldInjectorTest.java,19,clover
1446,33fb823694fd78320a727435e6c321886a9788ff,src/test/java/com/blade/ioc/ClassDefineTest.java,ClassDefineTest.java,26,clover
1447,33fb823694fd78320a727435e6c321886a9788ff,src/main/java/com/blade/test/BladeTestRunner.java,BladeTestRunner.java,42,clover
1448,33fb823694fd78320a727435e6c321886a9788ff,src/main/java/com/blade/kit/ReflectKit.java,ReflectKit.java,333,clover
1449,33fb823694fd78320a727435e6c321886a9788ff,src/main/java/com/blade/kit/ReflectKit.java,ReflectKit.java,334,clover
1450,33fb823694fd78320a727435e6c321886a9788ff,src/main/java/com/blade/kit/ReflectKit.java,ReflectKit.java,340,clover
1451,33fb823694fd78320a727435e6c321886a9788ff,src/main/java/com/blade/kit/ReflectKit.java,ReflectKit.java,341,clover
1452,33fb823694fd78320a727435e6c321886a9788ff,src/main/java/com/blade/kit/ReflectKit.java,ReflectKit.java,345,clover
1453,33fb823694fd78320a727435e6c321886a9788ff,src/main/java/com/blade/kit/ReflectKit.java,ReflectKit.java,346,clover
1454,33fb823694fd78320a727435e6c321886a9788ff,src/main/java/com/blade/kit/IocKit.java,IocKit.java,54,clover
1455,33fb823694fd78320a727435e6c321886a9788ff,src/main/java/com/blade/kit/IocKit.java,IocKit.java,77,clover
1456,33fb823694fd78320a727435e6c321886a9788ff,src/main/java/com/blade/kit/IocKit.java,IocKit.java,81,clover
1457,33fb823694fd78320a727435e6c321886a9788ff,src/main/java/com/blade/kit/BeanKit.java,BeanKit.java,51,clover
1458,33fb823694fd78320a727435e6c321886a9788ff,src/main/java/com/blade/kit/BeanKit.java,BeanKit.java,53,clover
1459,33fb823694fd78320a727435e6c321886a9788ff,src/main/java/com/blade/kit/BeanKit.java,BeanKit.java,58,clover
1460,33fb823694fd78320a727435e6c321886a9788ff,src/main/java/com/blade/kit/BeanKit.java,BeanKit.java,61,clover
1461,33fb823694fd78320a727435e6c321886a9788ff,src/main/java/com/blade/kit/json/BeanSerializer.java,BeanSerializer.java,58,clover
1462,33fb823694fd78320a727435e6c321886a9788ff,src/main/java/com/blade/kit/json/BeanSerializer.java,BeanSerializer.java,137,clover
1463,33fb823694fd78320a727435e6c321886a9788ff,src/main/java/com/blade/kit/json/BeanSerializer.java,BeanSerializer.java,237,clover
1464,33fb823694fd78320a727435e6c321886a9788ff,src/main/java/com/blade/ioc/bean/ClassDefine.java,ClassDefine.java,71,clover
1465,aaa31785596d3bda522c19e8fc352f9b963da922,src/test/java/com/blade/ioc/FieldInjectorTest.java,FieldInjectorTest.java,19,clover
1466,aaa31785596d3bda522c19e8fc352f9b963da922,src/test/java/com/blade/ioc/ClassDefineTest.java,ClassDefineTest.java,26,clover
1467,aaa31785596d3bda522c19e8fc352f9b963da922,src/main/java/com/blade/test/BladeTestRunner.java,BladeTestRunner.java,42,clover
1468,aaa31785596d3bda522c19e8fc352f9b963da922,src/main/java/com/blade/kit/ReflectKit.java,ReflectKit.java,333,clover
1469,aaa31785596d3bda522c19e8fc352f9b963da922,src/main/java/com/blade/kit/ReflectKit.java,ReflectKit.java,334,clover
1470,aaa31785596d3bda522c19e8fc352f9b963da922,src/main/java/com/blade/kit/ReflectKit.java,ReflectKit.java,340,clover
1471,aaa31785596d3bda522c19e8fc352f9b963da922,src/main/java/com/blade/kit/ReflectKit.java,ReflectKit.java,341,clover
1472,aaa31785596d3bda522c19e8fc352f9b963da922,src/main/java/com/blade/kit/ReflectKit.java,ReflectKit.java,345,clover
1473,aaa31785596d3bda522c19e8fc352f9b963da922,src/main/java/com/blade/kit/ReflectKit.java,ReflectKit.java,346,clover
1474,aaa31785596d3bda522c19e8fc352f9b963da922,src/main/java/com/blade/kit/BladeKit.java,BladeKit.java,75,clover
1475,aaa31785596d3bda522c19e8fc352f9b963da922,src/main/java/com/blade/kit/BladeKit.java,BladeKit.java,98,clover
1476,aaa31785596d3bda522c19e8fc352f9b963da922,src/main/java/com/blade/kit/BladeKit.java,BladeKit.java,102,clover
1477,aaa31785596d3bda522c19e8fc352f9b963da922,src/main/java/com/blade/kit/BeanKit.java,BeanKit.java,51,clover
1478,aaa31785596d3bda522c19e8fc352f9b963da922,src/main/java/com/blade/kit/BeanKit.java,BeanKit.java,53,clover
1479,aaa31785596d3bda522c19e8fc352f9b963da922,src/main/java/com/blade/kit/BeanKit.java,BeanKit.java,58,clover
1480,aaa31785596d3bda522c19e8fc352f9b963da922,src/main/java/com/blade/kit/BeanKit.java,BeanKit.java,61,clover
1481,aaa31785596d3bda522c19e8fc352f9b963da922,src/main/java/com/blade/kit/json/BeanSerializer.java,BeanSerializer.java,58,clover
1482,aaa31785596d3bda522c19e8fc352f9b963da922,src/main/java/com/blade/kit/json/BeanSerializer.java,BeanSerializer.java,137,clover
1483,aaa31785596d3bda522c19e8fc352f9b963da922,src/main/java/com/blade/kit/json/BeanSerializer.java,BeanSerializer.java,237,clover
1484,aaa31785596d3bda522c19e8fc352f9b963da922,src/main/java/com/blade/ioc/bean/ClassDefine.java,ClassDefine.java,76,clover
1485,f35e1e2951fc682ec9abbc2bf2b388cf5c0fc984,src/test/java/com/blade/ioc/FieldInjectorTest.java,FieldInjectorTest.java,19,clover
1486,f35e1e2951fc682ec9abbc2bf2b388cf5c0fc984,src/test/java/com/blade/ioc/ClassDefineTest.java,ClassDefineTest.java,26,clover
1487,f35e1e2951fc682ec9abbc2bf2b388cf5c0fc984,src/main/java/com/blade/test/BladeTestRunner.java,BladeTestRunner.java,42,clover
1488,f35e1e2951fc682ec9abbc2bf2b388cf5c0fc984,src/main/java/com/blade/kit/ReflectKit.java,ReflectKit.java,333,clover
1489,f35e1e2951fc682ec9abbc2bf2b388cf5c0fc984,src/main/java/com/blade/kit/ReflectKit.java,ReflectKit.java,334,clover
1490,f35e1e2951fc682ec9abbc2bf2b388cf5c0fc984,src/main/java/com/blade/kit/ReflectKit.java,ReflectKit.java,340,clover
1491,f35e1e2951fc682ec9abbc2bf2b388cf5c0fc984,src/main/java/com/blade/kit/ReflectKit.java,ReflectKit.java,341,clover
1492,f35e1e2951fc682ec9abbc2bf2b388cf5c0fc984,src/main/java/com/blade/kit/ReflectKit.java,ReflectKit.java,345,clover
1493,f35e1e2951fc682ec9abbc2bf2b388cf5c0fc984,src/main/java/com/blade/kit/ReflectKit.java,ReflectKit.java,346,clover
1494,f35e1e2951fc682ec9abbc2bf2b388cf5c0fc984,src/main/java/com/blade/kit/BladeKit.java,BladeKit.java,75,clover
1495,f35e1e2951fc682ec9abbc2bf2b388cf5c0fc984,src/main/java/com/blade/kit/BladeKit.java,BladeKit.java,98,clover
1496,f35e1e2951fc682ec9abbc2bf2b388cf5c0fc984,src/main/java/com/blade/kit/BladeKit.java,BladeKit.java,102,clover
1497,f35e1e2951fc682ec9abbc2bf2b388cf5c0fc984,src/main/java/com/blade/kit/BeanKit.java,BeanKit.java,51,clover
1498,f35e1e2951fc682ec9abbc2bf2b388cf5c0fc984,src/main/java/com/blade/kit/BeanKit.java,BeanKit.java,53,clover
1499,f35e1e2951fc682ec9abbc2bf2b388cf5c0fc984,src/main/java/com/blade/kit/BeanKit.java,BeanKit.java,58,clover
1500,f35e1e2951fc682ec9abbc2bf2b388cf5c0fc984,src/main/java/com/blade/kit/BeanKit.java,BeanKit.java,61,clover
1501,f35e1e2951fc682ec9abbc2bf2b388cf5c0fc984,src/main/java/com/blade/kit/json/BeanSerializer.java,BeanSerializer.java,58,clover
1502,f35e1e2951fc682ec9abbc2bf2b388cf5c0fc984,src/main/java/com/blade/kit/json/BeanSerializer.java,BeanSerializer.java,137,clover
1503,f35e1e2951fc682ec9abbc2bf2b388cf5c0fc984,src/main/java/com/blade/kit/json/BeanSerializer.java,BeanSerializer.java,237,clover
1504,f35e1e2951fc682ec9abbc2bf2b388cf5c0fc984,src/main/java/com/blade/ioc/bean/ClassDefine.java,ClassDefine.java,76,clover
1505,fb8ba584e700f97f7c0b99892fb45fc305fb2019,src/test/java/com/blade/ioc/FieldInjectorTest.java,FieldInjectorTest.java,19,clover
1506,fb8ba584e700f97f7c0b99892fb45fc305fb2019,src/test/java/com/blade/ioc/ClassDefineTest.java,ClassDefineTest.java,26,clover
1507,fb8ba584e700f97f7c0b99892fb45fc305fb2019,src/main/java/com/blade/test/BladeTestRunner.java,BladeTestRunner.java,42,clover
1508,fb8ba584e700f97f7c0b99892fb45fc305fb2019,src/main/java/com/blade/kit/ReflectKit.java,ReflectKit.java,333,clover
1509,fb8ba584e700f97f7c0b99892fb45fc305fb2019,src/main/java/com/blade/kit/ReflectKit.java,ReflectKit.java,334,clover
1510,fb8ba584e700f97f7c0b99892fb45fc305fb2019,src/main/java/com/blade/kit/ReflectKit.java,ReflectKit.java,340,clover
1511,fb8ba584e700f97f7c0b99892fb45fc305fb2019,src/main/java/com/blade/kit/ReflectKit.java,ReflectKit.java,341,clover
1512,fb8ba584e700f97f7c0b99892fb45fc305fb2019,src/main/java/com/blade/kit/ReflectKit.java,ReflectKit.java,345,clover
1513,fb8ba584e700f97f7c0b99892fb45fc305fb2019,src/main/java/com/blade/kit/ReflectKit.java,ReflectKit.java,346,clover
1514,fb8ba584e700f97f7c0b99892fb45fc305fb2019,src/main/java/com/blade/kit/BladeKit.java,BladeKit.java,75,clover
1515,fb8ba584e700f97f7c0b99892fb45fc305fb2019,src/main/java/com/blade/kit/BladeKit.java,BladeKit.java,98,clover
1516,fb8ba584e700f97f7c0b99892fb45fc305fb2019,src/main/java/com/blade/kit/BladeKit.java,BladeKit.java,102,clover
1517,fb8ba584e700f97f7c0b99892fb45fc305fb2019,src/main/java/com/blade/kit/BeanKit.java,BeanKit.java,51,clover
1518,fb8ba584e700f97f7c0b99892fb45fc305fb2019,src/main/java/com/blade/kit/BeanKit.java,BeanKit.java,53,clover
1519,fb8ba584e700f97f7c0b99892fb45fc305fb2019,src/main/java/com/blade/kit/BeanKit.java,BeanKit.java,58,clover
1520,fb8ba584e700f97f7c0b99892fb45fc305fb2019,src/main/java/com/blade/kit/BeanKit.java,BeanKit.java,61,clover
1521,fb8ba584e700f97f7c0b99892fb45fc305fb2019,src/main/java/com/blade/kit/json/BeanSerializer.java,BeanSerializer.java,58,clover
1522,fb8ba584e700f97f7c0b99892fb45fc305fb2019,src/main/java/com/blade/kit/json/BeanSerializer.java,BeanSerializer.java,137,clover
1523,fb8ba584e700f97f7c0b99892fb45fc305fb2019,src/main/java/com/blade/kit/json/BeanSerializer.java,BeanSerializer.java,237,clover
1524,fb8ba584e700f97f7c0b99892fb45fc305fb2019,src/main/java/com/blade/ioc/bean/ClassDefine.java,ClassDefine.java,76,clover
1525,d28e444e0f95f3d8fd6b9f3054459fe86902bbb9,src/test/java/com/blade/ioc/FieldInjectorTest.java,FieldInjectorTest.java,19,clover
1526,d28e444e0f95f3d8fd6b9f3054459fe86902bbb9,src/test/java/com/blade/ioc/ClassDefineTest.java,ClassDefineTest.java,26,clover
1527,d28e444e0f95f3d8fd6b9f3054459fe86902bbb9,src/main/java/com/blade/test/BladeTestRunner.java,BladeTestRunner.java,42,clover
1528,d28e444e0f95f3d8fd6b9f3054459fe86902bbb9,src/main/java/com/blade/kit/ReflectKit.java,ReflectKit.java,333,clover
1529,d28e444e0f95f3d8fd6b9f3054459fe86902bbb9,src/main/java/com/blade/kit/ReflectKit.java,ReflectKit.java,334,clover
1530,d28e444e0f95f3d8fd6b9f3054459fe86902bbb9,src/main/java/com/blade/kit/ReflectKit.java,ReflectKit.java,340,clover
1531,d28e444e0f95f3d8fd6b9f3054459fe86902bbb9,src/main/java/com/blade/kit/ReflectKit.java,ReflectKit.java,341,clover
1532,d28e444e0f95f3d8fd6b9f3054459fe86902bbb9,src/main/java/com/blade/kit/ReflectKit.java,ReflectKit.java,345,clover
1533,d28e444e0f95f3d8fd6b9f3054459fe86902bbb9,src/main/java/com/blade/kit/ReflectKit.java,ReflectKit.java,346,clover
1534,d28e444e0f95f3d8fd6b9f3054459fe86902bbb9,src/main/java/com/blade/kit/BladeKit.java,BladeKit.java,75,clover
1535,d28e444e0f95f3d8fd6b9f3054459fe86902bbb9,src/main/java/com/blade/kit/BladeKit.java,BladeKit.java,98,clover
1536,d28e444e0f95f3d8fd6b9f3054459fe86902bbb9,src/main/java/com/blade/kit/BladeKit.java,BladeKit.java,102,clover
1537,d28e444e0f95f3d8fd6b9f3054459fe86902bbb9,src/main/java/com/blade/kit/BeanKit.java,BeanKit.java,51,clover
1538,d28e444e0f95f3d8fd6b9f3054459fe86902bbb9,src/main/java/com/blade/kit/BeanKit.java,BeanKit.java,53,clover
1539,d28e444e0f95f3d8fd6b9f3054459fe86902bbb9,src/main/java/com/blade/kit/BeanKit.java,BeanKit.java,58,clover
1540,d28e444e0f95f3d8fd6b9f3054459fe86902bbb9,src/main/java/com/blade/kit/BeanKit.java,BeanKit.java,61,clover
1541,d28e444e0f95f3d8fd6b9f3054459fe86902bbb9,src/main/java/com/blade/kit/json/BeanSerializer.java,BeanSerializer.java,58,clover
1542,d28e444e0f95f3d8fd6b9f3054459fe86902bbb9,src/main/java/com/blade/kit/json/BeanSerializer.java,BeanSerializer.java,137,clover
1543,d28e444e0f95f3d8fd6b9f3054459fe86902bbb9,src/main/java/com/blade/kit/json/BeanSerializer.java,BeanSerializer.java,237,clover
1544,d28e444e0f95f3d8fd6b9f3054459fe86902bbb9,src/main/java/com/blade/ioc/bean/ClassDefine.java,ClassDefine.java,76,clover
1545,900d7182b6233475cc9885783147d2b97c42c0f3,src/test/java/com/blade/ioc/FieldInjectorTest.java,FieldInjectorTest.java,19,clover
1546,900d7182b6233475cc9885783147d2b97c42c0f3,src/test/java/com/blade/ioc/ClassDefineTest.java,ClassDefineTest.java,26,clover
1547,900d7182b6233475cc9885783147d2b97c42c0f3,src/main/java/com/blade/test/BladeTestRunner.java,BladeTestRunner.java,42,clover
1548,900d7182b6233475cc9885783147d2b97c42c0f3,src/main/java/com/blade/kit/ReflectKit.java,ReflectKit.java,333,clover
1549,900d7182b6233475cc9885783147d2b97c42c0f3,src/main/java/com/blade/kit/ReflectKit.java,ReflectKit.java,334,clover
1550,900d7182b6233475cc9885783147d2b97c42c0f3,src/main/java/com/blade/kit/ReflectKit.java,ReflectKit.java,340,clover
1551,900d7182b6233475cc9885783147d2b97c42c0f3,src/main/java/com/blade/kit/ReflectKit.java,ReflectKit.java,341,clover
1552,900d7182b6233475cc9885783147d2b97c42c0f3,src/main/java/com/blade/kit/ReflectKit.java,ReflectKit.java,345,clover
1553,900d7182b6233475cc9885783147d2b97c42c0f3,src/main/java/com/blade/kit/ReflectKit.java,ReflectKit.java,346,clover
1554,900d7182b6233475cc9885783147d2b97c42c0f3,src/main/java/com/blade/kit/BladeKit.java,BladeKit.java,75,clover
1555,900d7182b6233475cc9885783147d2b97c42c0f3,src/main/java/com/blade/kit/BladeKit.java,BladeKit.java,98,clover
1556,900d7182b6233475cc9885783147d2b97c42c0f3,src/main/java/com/blade/kit/BladeKit.java,BladeKit.java,102,clover
1557,900d7182b6233475cc9885783147d2b97c42c0f3,src/main/java/com/blade/kit/BeanKit.java,BeanKit.java,51,clover
1558,900d7182b6233475cc9885783147d2b97c42c0f3,src/main/java/com/blade/kit/BeanKit.java,BeanKit.java,53,clover
1559,900d7182b6233475cc9885783147d2b97c42c0f3,src/main/java/com/blade/kit/BeanKit.java,BeanKit.java,58,clover
1560,900d7182b6233475cc9885783147d2b97c42c0f3,src/main/java/com/blade/kit/BeanKit.java,BeanKit.java,61,clover
1561,900d7182b6233475cc9885783147d2b97c42c0f3,src/main/java/com/blade/kit/json/BeanSerializer.java,BeanSerializer.java,58,clover
1562,900d7182b6233475cc9885783147d2b97c42c0f3,src/main/java/com/blade/kit/json/BeanSerializer.java,BeanSerializer.java,137,clover
1563,900d7182b6233475cc9885783147d2b97c42c0f3,src/main/java/com/blade/kit/json/BeanSerializer.java,BeanSerializer.java,237,clover
1564,900d7182b6233475cc9885783147d2b97c42c0f3,src/main/java/com/blade/ioc/bean/ClassDefine.java,ClassDefine.java,76,clover
1565,034dc4577a53087060ef1811ae01fb46653e3f94,src/test/java/com/blade/ioc/FieldInjectorTest.java,FieldInjectorTest.java,19,clover
1566,034dc4577a53087060ef1811ae01fb46653e3f94,src/test/java/com/blade/ioc/ClassDefineTest.java,ClassDefineTest.java,26,clover
1567,034dc4577a53087060ef1811ae01fb46653e3f94,src/main/java/com/blade/test/BladeTestRunner.java,BladeTestRunner.java,42,clover
1568,034dc4577a53087060ef1811ae01fb46653e3f94,src/main/java/com/blade/kit/ReflectKit.java,ReflectKit.java,333,clover
1569,034dc4577a53087060ef1811ae01fb46653e3f94,src/main/java/com/blade/kit/ReflectKit.java,ReflectKit.java,334,clover
1570,034dc4577a53087060ef1811ae01fb46653e3f94,src/main/java/com/blade/kit/ReflectKit.java,ReflectKit.java,340,clover
1571,034dc4577a53087060ef1811ae01fb46653e3f94,src/main/java/com/blade/kit/ReflectKit.java,ReflectKit.java,341,clover
1572,034dc4577a53087060ef1811ae01fb46653e3f94,src/main/java/com/blade/kit/ReflectKit.java,ReflectKit.java,345,clover
1573,034dc4577a53087060ef1811ae01fb46653e3f94,src/main/java/com/blade/kit/ReflectKit.java,ReflectKit.java,346,clover
1574,034dc4577a53087060ef1811ae01fb46653e3f94,src/main/java/com/blade/kit/BladeKit.java,BladeKit.java,75,clover
1575,034dc4577a53087060ef1811ae01fb46653e3f94,src/main/java/com/blade/kit/BladeKit.java,BladeKit.java,98,clover
1576,034dc4577a53087060ef1811ae01fb46653e3f94,src/main/java/com/blade/kit/BladeKit.java,BladeKit.java,102,clover
1577,034dc4577a53087060ef1811ae01fb46653e3f94,src/main/java/com/blade/kit/BeanKit.java,BeanKit.java,51,clover
1578,034dc4577a53087060ef1811ae01fb46653e3f94,src/main/java/com/blade/kit/BeanKit.java,BeanKit.java,53,clover
1579,034dc4577a53087060ef1811ae01fb46653e3f94,src/main/java/com/blade/kit/BeanKit.java,BeanKit.java,58,clover
1580,034dc4577a53087060ef1811ae01fb46653e3f94,src/main/java/com/blade/kit/BeanKit.java,BeanKit.java,61,clover
1581,034dc4577a53087060ef1811ae01fb46653e3f94,src/main/java/com/blade/kit/json/BeanSerializer.java,BeanSerializer.java,58,clover
1582,034dc4577a53087060ef1811ae01fb46653e3f94,src/main/java/com/blade/kit/json/BeanSerializer.java,BeanSerializer.java,137,clover
1583,034dc4577a53087060ef1811ae01fb46653e3f94,src/main/java/com/blade/kit/json/BeanSerializer.java,BeanSerializer.java,237,clover
1584,034dc4577a53087060ef1811ae01fb46653e3f94,src/main/java/com/blade/ioc/bean/ClassDefine.java,ClassDefine.java,76,clover
1585,79cfbb68c2d3e5b0c3e9826a23ed30eb113f8def,src/test/java/com/blade/ioc/FieldInjectorTest.java,FieldInjectorTest.java,19,clover
1586,79cfbb68c2d3e5b0c3e9826a23ed30eb113f8def,src/test/java/com/blade/ioc/ClassDefineTest.java,ClassDefineTest.java,26,clover
1587,79cfbb68c2d3e5b0c3e9826a23ed30eb113f8def,src/main/java/com/blade/test/BladeTestRunner.java,BladeTestRunner.java,42,clover
1588,79cfbb68c2d3e5b0c3e9826a23ed30eb113f8def,src/main/java/com/blade/kit/ReflectKit.java,ReflectKit.java,317,clover
1589,79cfbb68c2d3e5b0c3e9826a23ed30eb113f8def,src/main/java/com/blade/kit/ReflectKit.java,ReflectKit.java,318,clover
1590,79cfbb68c2d3e5b0c3e9826a23ed30eb113f8def,src/main/java/com/blade/kit/ReflectKit.java,ReflectKit.java,324,clover
1591,79cfbb68c2d3e5b0c3e9826a23ed30eb113f8def,src/main/java/com/blade/kit/ReflectKit.java,ReflectKit.java,325,clover
1592,79cfbb68c2d3e5b0c3e9826a23ed30eb113f8def,src/main/java/com/blade/kit/ReflectKit.java,ReflectKit.java,329,clover
1593,79cfbb68c2d3e5b0c3e9826a23ed30eb113f8def,src/main/java/com/blade/kit/ReflectKit.java,ReflectKit.java,330,clover
1594,79cfbb68c2d3e5b0c3e9826a23ed30eb113f8def,src/main/java/com/blade/kit/BladeKit.java,BladeKit.java,74,clover
1595,79cfbb68c2d3e5b0c3e9826a23ed30eb113f8def,src/main/java/com/blade/kit/BladeKit.java,BladeKit.java,97,clover
1596,79cfbb68c2d3e5b0c3e9826a23ed30eb113f8def,src/main/java/com/blade/kit/BladeKit.java,BladeKit.java,101,clover
1597,79cfbb68c2d3e5b0c3e9826a23ed30eb113f8def,src/main/java/com/blade/kit/BeanKit.java,BeanKit.java,51,clover
1598,79cfbb68c2d3e5b0c3e9826a23ed30eb113f8def,src/main/java/com/blade/kit/BeanKit.java,BeanKit.java,53,clover
1599,79cfbb68c2d3e5b0c3e9826a23ed30eb113f8def,src/main/java/com/blade/kit/BeanKit.java,BeanKit.java,58,clover
1600,79cfbb68c2d3e5b0c3e9826a23ed30eb113f8def,src/main/java/com/blade/kit/BeanKit.java,BeanKit.java,61,clover
1601,79cfbb68c2d3e5b0c3e9826a23ed30eb113f8def,src/main/java/com/blade/kit/json/BeanSerializer.java,BeanSerializer.java,58,clover
1602,79cfbb68c2d3e5b0c3e9826a23ed30eb113f8def,src/main/java/com/blade/kit/json/BeanSerializer.java,BeanSerializer.java,137,clover
1603,79cfbb68c2d3e5b0c3e9826a23ed30eb113f8def,src/main/java/com/blade/kit/json/BeanSerializer.java,BeanSerializer.java,237,clover
1604,79cfbb68c2d3e5b0c3e9826a23ed30eb113f8def,src/main/java/com/blade/ioc/bean/ClassDefine.java,ClassDefine.java,76,clover
1605,80bc66f856092ca81ef9fa945c3c5f16bc1b1bac,src/test/java/com/blade/ioc/FieldInjectorTest.java,FieldInjectorTest.java,19,clover
1606,80bc66f856092ca81ef9fa945c3c5f16bc1b1bac,src/test/java/com/blade/ioc/ClassDefineTest.java,ClassDefineTest.java,26,clover
1607,80bc66f856092ca81ef9fa945c3c5f16bc1b1bac,src/main/java/com/blade/test/BladeTestRunner.java,BladeTestRunner.java,42,clover
1608,80bc66f856092ca81ef9fa945c3c5f16bc1b1bac,src/main/java/com/blade/kit/ReflectKit.java,ReflectKit.java,333,clover
1609,80bc66f856092ca81ef9fa945c3c5f16bc1b1bac,src/main/java/com/blade/kit/ReflectKit.java,ReflectKit.java,334,clover
1610,80bc66f856092ca81ef9fa945c3c5f16bc1b1bac,src/main/java/com/blade/kit/ReflectKit.java,ReflectKit.java,340,clover
1611,80bc66f856092ca81ef9fa945c3c5f16bc1b1bac,src/main/java/com/blade/kit/ReflectKit.java,ReflectKit.java,341,clover
1612,80bc66f856092ca81ef9fa945c3c5f16bc1b1bac,src/main/java/com/blade/kit/ReflectKit.java,ReflectKit.java,345,clover
1613,80bc66f856092ca81ef9fa945c3c5f16bc1b1bac,src/main/java/com/blade/kit/ReflectKit.java,ReflectKit.java,346,clover
1614,80bc66f856092ca81ef9fa945c3c5f16bc1b1bac,src/main/java/com/blade/kit/BladeKit.java,BladeKit.java,75,clover
1615,80bc66f856092ca81ef9fa945c3c5f16bc1b1bac,src/main/java/com/blade/kit/BladeKit.java,BladeKit.java,98,clover
1616,80bc66f856092ca81ef9fa945c3c5f16bc1b1bac,src/main/java/com/blade/kit/BladeKit.java,BladeKit.java,102,clover
1617,80bc66f856092ca81ef9fa945c3c5f16bc1b1bac,src/main/java/com/blade/kit/BeanKit.java,BeanKit.java,51,clover
1618,80bc66f856092ca81ef9fa945c3c5f16bc1b1bac,src/main/java/com/blade/kit/BeanKit.java,BeanKit.java,53,clover
1619,80bc66f856092ca81ef9fa945c3c5f16bc1b1bac,src/main/java/com/blade/kit/BeanKit.java,BeanKit.java,58,clover
1620,80bc66f856092ca81ef9fa945c3c5f16bc1b1bac,src/main/java/com/blade/kit/BeanKit.java,BeanKit.java,61,clover
1621,80bc66f856092ca81ef9fa945c3c5f16bc1b1bac,src/main/java/com/blade/kit/json/BeanSerializer.java,BeanSerializer.java,58,clover
1622,80bc66f856092ca81ef9fa945c3c5f16bc1b1bac,src/main/java/com/blade/kit/json/BeanSerializer.java,BeanSerializer.java,137,clover
1623,80bc66f856092ca81ef9fa945c3c5f16bc1b1bac,src/main/java/com/blade/kit/json/BeanSerializer.java,BeanSerializer.java,237,clover
1624,80bc66f856092ca81ef9fa945c3c5f16bc1b1bac,src/main/java/com/blade/ioc/bean/ClassDefine.java,ClassDefine.java,76,clover
1625,2a8819c57acd0a1c8b0bfc6c93f167f47d4167a4,src/test/java/com/blade/ioc/FieldInjectorTest.java,FieldInjectorTest.java,19,clover
1626,2a8819c57acd0a1c8b0bfc6c93f167f47d4167a4,src/test/java/com/blade/ioc/ClassDefineTest.java,ClassDefineTest.java,26,clover
1627,2a8819c57acd0a1c8b0bfc6c93f167f47d4167a4,src/main/java/com/blade/test/BladeTestRunner.java,BladeTestRunner.java,42,clover
1628,2a8819c57acd0a1c8b0bfc6c93f167f47d4167a4,src/main/java/com/blade/kit/ReflectKit.java,ReflectKit.java,333,clover
1629,2a8819c57acd0a1c8b0bfc6c93f167f47d4167a4,src/main/java/com/blade/kit/ReflectKit.java,ReflectKit.java,334,clover
1630,2a8819c57acd0a1c8b0bfc6c93f167f47d4167a4,src/main/java/com/blade/kit/ReflectKit.java,ReflectKit.java,340,clover
1631,2a8819c57acd0a1c8b0bfc6c93f167f47d4167a4,src/main/java/com/blade/kit/ReflectKit.java,ReflectKit.java,341,clover
1632,2a8819c57acd0a1c8b0bfc6c93f167f47d4167a4,src/main/java/com/blade/kit/ReflectKit.java,ReflectKit.java,345,clover
1633,2a8819c57acd0a1c8b0bfc6c93f167f47d4167a4,src/main/java/com/blade/kit/ReflectKit.java,ReflectKit.java,346,clover
1634,2a8819c57acd0a1c8b0bfc6c93f167f47d4167a4,src/main/java/com/blade/kit/BladeKit.java,BladeKit.java,75,clover
1635,2a8819c57acd0a1c8b0bfc6c93f167f47d4167a4,src/main/java/com/blade/kit/BladeKit.java,BladeKit.java,98,clover
1636,2a8819c57acd0a1c8b0bfc6c93f167f47d4167a4,src/main/java/com/blade/kit/BladeKit.java,BladeKit.java,102,clover
1637,2a8819c57acd0a1c8b0bfc6c93f167f47d4167a4,src/main/java/com/blade/kit/BeanKit.java,BeanKit.java,51,clover
1638,2a8819c57acd0a1c8b0bfc6c93f167f47d4167a4,src/main/java/com/blade/kit/BeanKit.java,BeanKit.java,53,clover
1639,2a8819c57acd0a1c8b0bfc6c93f167f47d4167a4,src/main/java/com/blade/kit/BeanKit.java,BeanKit.java,58,clover
1640,2a8819c57acd0a1c8b0bfc6c93f167f47d4167a4,src/main/java/com/blade/kit/BeanKit.java,BeanKit.java,61,clover
1641,2a8819c57acd0a1c8b0bfc6c93f167f47d4167a4,src/main/java/com/blade/kit/json/BeanSerializer.java,BeanSerializer.java,58,clover
1642,2a8819c57acd0a1c8b0bfc6c93f167f47d4167a4,src/main/java/com/blade/kit/json/BeanSerializer.java,BeanSerializer.java,137,clover
1643,2a8819c57acd0a1c8b0bfc6c93f167f47d4167a4,src/main/java/com/blade/kit/json/BeanSerializer.java,BeanSerializer.java,237,clover
1644,2a8819c57acd0a1c8b0bfc6c93f167f47d4167a4,src/main/java/com/blade/ioc/bean/ClassDefine.java,ClassDefine.java,76,clover
1645,81fa0a7e05fa12aa6209d0b2800f1a0c056e39f3,src/test/java/com/blade/ioc/FieldInjectorTest.java,FieldInjectorTest.java,19,clover
1646,81fa0a7e05fa12aa6209d0b2800f1a0c056e39f3,src/test/java/com/blade/ioc/ClassDefineTest.java,ClassDefineTest.java,26,clover
1647,81fa0a7e05fa12aa6209d0b2800f1a0c056e39f3,src/main/java/com/blade/test/BladeTestRunner.java,BladeTestRunner.java,42,clover
1648,81fa0a7e05fa12aa6209d0b2800f1a0c056e39f3,src/main/java/com/blade/kit/ReflectKit.java,ReflectKit.java,333,clover
1649,81fa0a7e05fa12aa6209d0b2800f1a0c056e39f3,src/main/java/com/blade/kit/ReflectKit.java,ReflectKit.java,334,clover
1650,81fa0a7e05fa12aa6209d0b2800f1a0c056e39f3,src/main/java/com/blade/kit/ReflectKit.java,ReflectKit.java,340,clover
1651,81fa0a7e05fa12aa6209d0b2800f1a0c056e39f3,src/main/java/com/blade/kit/ReflectKit.java,ReflectKit.java,341,clover
1652,81fa0a7e05fa12aa6209d0b2800f1a0c056e39f3,src/main/java/com/blade/kit/ReflectKit.java,ReflectKit.java,345,clover
1653,81fa0a7e05fa12aa6209d0b2800f1a0c056e39f3,src/main/java/com/blade/kit/ReflectKit.java,ReflectKit.java,346,clover
1654,81fa0a7e05fa12aa6209d0b2800f1a0c056e39f3,src/main/java/com/blade/kit/BladeKit.java,BladeKit.java,75,clover
1655,81fa0a7e05fa12aa6209d0b2800f1a0c056e39f3,src/main/java/com/blade/kit/BladeKit.java,BladeKit.java,98,clover
1656,81fa0a7e05fa12aa6209d0b2800f1a0c056e39f3,src/main/java/com/blade/kit/BladeKit.java,BladeKit.java,102,clover
1657,81fa0a7e05fa12aa6209d0b2800f1a0c056e39f3,src/main/java/com/blade/kit/BeanKit.java,BeanKit.java,51,clover
1658,81fa0a7e05fa12aa6209d0b2800f1a0c056e39f3,src/main/java/com/blade/kit/BeanKit.java,BeanKit.java,53,clover
1659,81fa0a7e05fa12aa6209d0b2800f1a0c056e39f3,src/main/java/com/blade/kit/BeanKit.java,BeanKit.java,58,clover
1660,81fa0a7e05fa12aa6209d0b2800f1a0c056e39f3,src/main/java/com/blade/kit/BeanKit.java,BeanKit.java,61,clover
1661,81fa0a7e05fa12aa6209d0b2800f1a0c056e39f3,src/main/java/com/blade/kit/json/BeanSerializer.java,BeanSerializer.java,58,clover
1662,81fa0a7e05fa12aa6209d0b2800f1a0c056e39f3,src/main/java/com/blade/kit/json/BeanSerializer.java,BeanSerializer.java,137,clover
1663,81fa0a7e05fa12aa6209d0b2800f1a0c056e39f3,src/main/java/com/blade/kit/json/BeanSerializer.java,BeanSerializer.java,237,clover
1664,81fa0a7e05fa12aa6209d0b2800f1a0c056e39f3,src/main/java/com/blade/ioc/bean/ClassDefine.java,ClassDefine.java,76,clover
1665,c513c0464d4e2f53676eb2da0458b461b2994b06,src/test/java/com/blade/ioc/FieldInjectorTest.java,FieldInjectorTest.java,19,clover
1666,c513c0464d4e2f53676eb2da0458b461b2994b06,src/test/java/com/blade/ioc/ClassDefineTest.java,ClassDefineTest.java,26,clover
1667,c513c0464d4e2f53676eb2da0458b461b2994b06,src/main/java/com/blade/test/BladeTestRunner.java,BladeTestRunner.java,42,clover
1668,c513c0464d4e2f53676eb2da0458b461b2994b06,src/main/java/com/blade/kit/ReflectKit.java,ReflectKit.java,333,clover
1669,c513c0464d4e2f53676eb2da0458b461b2994b06,src/main/java/com/blade/kit/ReflectKit.java,ReflectKit.java,334,clover
1670,c513c0464d4e2f53676eb2da0458b461b2994b06,src/main/java/com/blade/kit/ReflectKit.java,ReflectKit.java,340,clover
1671,c513c0464d4e2f53676eb2da0458b461b2994b06,src/main/java/com/blade/kit/ReflectKit.java,ReflectKit.java,341,clover
1672,c513c0464d4e2f53676eb2da0458b461b2994b06,src/main/java/com/blade/kit/ReflectKit.java,ReflectKit.java,345,clover
1673,c513c0464d4e2f53676eb2da0458b461b2994b06,src/main/java/com/blade/kit/ReflectKit.java,ReflectKit.java,346,clover
1674,c513c0464d4e2f53676eb2da0458b461b2994b06,src/main/java/com/blade/kit/BladeKit.java,BladeKit.java,75,clover
1675,c513c0464d4e2f53676eb2da0458b461b2994b06,src/main/java/com/blade/kit/BladeKit.java,BladeKit.java,98,clover
1676,c513c0464d4e2f53676eb2da0458b461b2994b06,src/main/java/com/blade/kit/BladeKit.java,BladeKit.java,102,clover
1677,c513c0464d4e2f53676eb2da0458b461b2994b06,src/main/java/com/blade/kit/BeanKit.java,BeanKit.java,51,clover
1678,c513c0464d4e2f53676eb2da0458b461b2994b06,src/main/java/com/blade/kit/BeanKit.java,BeanKit.java,53,clover
1679,c513c0464d4e2f53676eb2da0458b461b2994b06,src/main/java/com/blade/kit/BeanKit.java,BeanKit.java,58,clover
1680,c513c0464d4e2f53676eb2da0458b461b2994b06,src/main/java/com/blade/kit/BeanKit.java,BeanKit.java,61,clover
1681,c513c0464d4e2f53676eb2da0458b461b2994b06,src/main/java/com/blade/kit/json/BeanSerializer.java,BeanSerializer.java,58,clover
1682,c513c0464d4e2f53676eb2da0458b461b2994b06,src/main/java/com/blade/kit/json/BeanSerializer.java,BeanSerializer.java,137,clover
1683,c513c0464d4e2f53676eb2da0458b461b2994b06,src/main/java/com/blade/kit/json/BeanSerializer.java,BeanSerializer.java,237,clover
1684,c513c0464d4e2f53676eb2da0458b461b2994b06,src/main/java/com/blade/ioc/bean/ClassDefine.java,ClassDefine.java,76,clover
1685,281de70d1d879cf917ef71a70114305a4ca0c0f6,src/test/java/com/blade/ioc/FieldInjectorTest.java,FieldInjectorTest.java,19,clover
1686,281de70d1d879cf917ef71a70114305a4ca0c0f6,src/test/java/com/blade/ioc/ClassDefineTest.java,ClassDefineTest.java,26,clover
1687,281de70d1d879cf917ef71a70114305a4ca0c0f6,src/main/java/com/blade/test/BladeTestRunner.java,BladeTestRunner.java,42,clover
1688,281de70d1d879cf917ef71a70114305a4ca0c0f6,src/main/java/com/blade/kit/ReflectKit.java,ReflectKit.java,333,clover
1689,281de70d1d879cf917ef71a70114305a4ca0c0f6,src/main/java/com/blade/kit/ReflectKit.java,ReflectKit.java,334,clover
1690,281de70d1d879cf917ef71a70114305a4ca0c0f6,src/main/java/com/blade/kit/ReflectKit.java,ReflectKit.java,340,clover
1691,281de70d1d879cf917ef71a70114305a4ca0c0f6,src/main/java/com/blade/kit/ReflectKit.java,ReflectKit.java,341,clover
1692,281de70d1d879cf917ef71a70114305a4ca0c0f6,src/main/java/com/blade/kit/ReflectKit.java,ReflectKit.java,345,clover
1693,281de70d1d879cf917ef71a70114305a4ca0c0f6,src/main/java/com/blade/kit/ReflectKit.java,ReflectKit.java,346,clover
1694,281de70d1d879cf917ef71a70114305a4ca0c0f6,src/main/java/com/blade/kit/BladeKit.java,BladeKit.java,75,clover
1695,281de70d1d879cf917ef71a70114305a4ca0c0f6,src/main/java/com/blade/kit/BladeKit.java,BladeKit.java,98,clover
1696,281de70d1d879cf917ef71a70114305a4ca0c0f6,src/main/java/com/blade/kit/BladeKit.java,BladeKit.java,102,clover
1697,281de70d1d879cf917ef71a70114305a4ca0c0f6,src/main/java/com/blade/kit/BeanKit.java,BeanKit.java,51,clover
1698,281de70d1d879cf917ef71a70114305a4ca0c0f6,src/main/java/com/blade/kit/BeanKit.java,BeanKit.java,53,clover
1699,281de70d1d879cf917ef71a70114305a4ca0c0f6,src/main/java/com/blade/kit/BeanKit.java,BeanKit.java,58,clover
1700,281de70d1d879cf917ef71a70114305a4ca0c0f6,src/main/java/com/blade/kit/BeanKit.java,BeanKit.java,61,clover
1701,281de70d1d879cf917ef71a70114305a4ca0c0f6,src/main/java/com/blade/kit/json/BeanSerializer.java,BeanSerializer.java,58,clover
1702,281de70d1d879cf917ef71a70114305a4ca0c0f6,src/main/java/com/blade/kit/json/BeanSerializer.java,BeanSerializer.java,137,clover
1703,281de70d1d879cf917ef71a70114305a4ca0c0f6,src/main/java/com/blade/kit/json/BeanSerializer.java,BeanSerializer.java,237,clover
1704,281de70d1d879cf917ef71a70114305a4ca0c0f6,src/main/java/com/blade/ioc/bean/ClassDefine.java,ClassDefine.java,76,clover
1705,8666673b6c8b73a7763da3e6ac061145cdb536b5,src/test/java/com/blade/ioc/FieldInjectorTest.java,FieldInjectorTest.java,19,clover
1706,8666673b6c8b73a7763da3e6ac061145cdb536b5,src/test/java/com/blade/ioc/ClassDefineTest.java,ClassDefineTest.java,26,clover
1707,8666673b6c8b73a7763da3e6ac061145cdb536b5,src/main/java/com/blade/test/BladeTestRunner.java,BladeTestRunner.java,42,clover
1708,8666673b6c8b73a7763da3e6ac061145cdb536b5,src/main/java/com/blade/kit/ReflectKit.java,ReflectKit.java,333,clover
1709,8666673b6c8b73a7763da3e6ac061145cdb536b5,src/main/java/com/blade/kit/ReflectKit.java,ReflectKit.java,334,clover
1710,8666673b6c8b73a7763da3e6ac061145cdb536b5,src/main/java/com/blade/kit/ReflectKit.java,ReflectKit.java,340,clover
1711,8666673b6c8b73a7763da3e6ac061145cdb536b5,src/main/java/com/blade/kit/ReflectKit.java,ReflectKit.java,341,clover
1712,8666673b6c8b73a7763da3e6ac061145cdb536b5,src/main/java/com/blade/kit/ReflectKit.java,ReflectKit.java,345,clover
1713,8666673b6c8b73a7763da3e6ac061145cdb536b5,src/main/java/com/blade/kit/ReflectKit.java,ReflectKit.java,346,clover
1714,8666673b6c8b73a7763da3e6ac061145cdb536b5,src/main/java/com/blade/kit/BladeKit.java,BladeKit.java,75,clover
1715,8666673b6c8b73a7763da3e6ac061145cdb536b5,src/main/java/com/blade/kit/BladeKit.java,BladeKit.java,98,clover
1716,8666673b6c8b73a7763da3e6ac061145cdb536b5,src/main/java/com/blade/kit/BladeKit.java,BladeKit.java,102,clover
1717,8666673b6c8b73a7763da3e6ac061145cdb536b5,src/main/java/com/blade/kit/BeanKit.java,BeanKit.java,51,clover
1718,8666673b6c8b73a7763da3e6ac061145cdb536b5,src/main/java/com/blade/kit/BeanKit.java,BeanKit.java,53,clover
1719,8666673b6c8b73a7763da3e6ac061145cdb536b5,src/main/java/com/blade/kit/BeanKit.java,BeanKit.java,58,clover
1720,8666673b6c8b73a7763da3e6ac061145cdb536b5,src/main/java/com/blade/kit/BeanKit.java,BeanKit.java,61,clover
1721,8666673b6c8b73a7763da3e6ac061145cdb536b5,src/main/java/com/blade/kit/json/BeanSerializer.java,BeanSerializer.java,58,clover
1722,8666673b6c8b73a7763da3e6ac061145cdb536b5,src/main/java/com/blade/kit/json/BeanSerializer.java,BeanSerializer.java,137,clover
1723,8666673b6c8b73a7763da3e6ac061145cdb536b5,src/main/java/com/blade/kit/json/BeanSerializer.java,BeanSerializer.java,237,clover
1724,8666673b6c8b73a7763da3e6ac061145cdb536b5,src/main/java/com/blade/ioc/bean/ClassDefine.java,ClassDefine.java,76,clover
1725,08e28c9165e179d1d44bc9a71e8935e58760c987,src/test/java/com/blade/ioc/FieldInjectorTest.java,FieldInjectorTest.java,19,clover
1726,08e28c9165e179d1d44bc9a71e8935e58760c987,src/test/java/com/blade/ioc/ClassDefineTest.java,ClassDefineTest.java,26,clover
1727,08e28c9165e179d1d44bc9a71e8935e58760c987,src/main/java/com/blade/test/BladeTestRunner.java,BladeTestRunner.java,42,clover
1728,08e28c9165e179d1d44bc9a71e8935e58760c987,src/main/java/com/blade/kit/ReflectKit.java,ReflectKit.java,333,clover
1729,08e28c9165e179d1d44bc9a71e8935e58760c987,src/main/java/com/blade/kit/ReflectKit.java,ReflectKit.java,334,clover
1730,08e28c9165e179d1d44bc9a71e8935e58760c987,src/main/java/com/blade/kit/ReflectKit.java,ReflectKit.java,340,clover
1731,08e28c9165e179d1d44bc9a71e8935e58760c987,src/main/java/com/blade/kit/ReflectKit.java,ReflectKit.java,341,clover
1732,08e28c9165e179d1d44bc9a71e8935e58760c987,src/main/java/com/blade/kit/ReflectKit.java,ReflectKit.java,345,clover
1733,08e28c9165e179d1d44bc9a71e8935e58760c987,src/main/java/com/blade/kit/ReflectKit.java,ReflectKit.java,346,clover
1734,08e28c9165e179d1d44bc9a71e8935e58760c987,src/main/java/com/blade/kit/BladeKit.java,BladeKit.java,75,clover
1735,08e28c9165e179d1d44bc9a71e8935e58760c987,src/main/java/com/blade/kit/BladeKit.java,BladeKit.java,98,clover
1736,08e28c9165e179d1d44bc9a71e8935e58760c987,src/main/java/com/blade/kit/BladeKit.java,BladeKit.java,102,clover
1737,08e28c9165e179d1d44bc9a71e8935e58760c987,src/main/java/com/blade/kit/BeanKit.java,BeanKit.java,51,clover
1738,08e28c9165e179d1d44bc9a71e8935e58760c987,src/main/java/com/blade/kit/BeanKit.java,BeanKit.java,53,clover
1739,08e28c9165e179d1d44bc9a71e8935e58760c987,src/main/java/com/blade/kit/BeanKit.java,BeanKit.java,58,clover
1740,08e28c9165e179d1d44bc9a71e8935e58760c987,src/main/java/com/blade/kit/BeanKit.java,BeanKit.java,61,clover
1741,08e28c9165e179d1d44bc9a71e8935e58760c987,src/main/java/com/blade/kit/json/BeanSerializer.java,BeanSerializer.java,58,clover
1742,08e28c9165e179d1d44bc9a71e8935e58760c987,src/main/java/com/blade/kit/json/BeanSerializer.java,BeanSerializer.java,137,clover
1743,08e28c9165e179d1d44bc9a71e8935e58760c987,src/main/java/com/blade/kit/json/BeanSerializer.java,BeanSerializer.java,237,clover
1744,08e28c9165e179d1d44bc9a71e8935e58760c987,src/main/java/com/blade/ioc/bean/ClassDefine.java,ClassDefine.java,76,clover
1745,f0564c9e50766789d1e233d67f6caea46604c7a4,src/test/java/com/blade/ioc/FieldInjectorTest.java,FieldInjectorTest.java,19,clover
1746,f0564c9e50766789d1e233d67f6caea46604c7a4,src/test/java/com/blade/ioc/ClassDefineTest.java,ClassDefineTest.java,26,clover
1747,f0564c9e50766789d1e233d67f6caea46604c7a4,src/main/java/com/blade/test/BladeTestRunner.java,BladeTestRunner.java,42,clover
1748,f0564c9e50766789d1e233d67f6caea46604c7a4,src/main/java/com/blade/kit/ReflectKit.java,ReflectKit.java,333,clover
1749,f0564c9e50766789d1e233d67f6caea46604c7a4,src/main/java/com/blade/kit/ReflectKit.java,ReflectKit.java,334,clover
1750,f0564c9e50766789d1e233d67f6caea46604c7a4,src/main/java/com/blade/kit/ReflectKit.java,ReflectKit.java,340,clover
1751,f0564c9e50766789d1e233d67f6caea46604c7a4,src/main/java/com/blade/kit/ReflectKit.java,ReflectKit.java,341,clover
1752,f0564c9e50766789d1e233d67f6caea46604c7a4,src/main/java/com/blade/kit/ReflectKit.java,ReflectKit.java,345,clover
1753,f0564c9e50766789d1e233d67f6caea46604c7a4,src/main/java/com/blade/kit/ReflectKit.java,ReflectKit.java,346,clover
1754,f0564c9e50766789d1e233d67f6caea46604c7a4,src/main/java/com/blade/kit/BladeKit.java,BladeKit.java,75,clover
1755,f0564c9e50766789d1e233d67f6caea46604c7a4,src/main/java/com/blade/kit/BladeKit.java,BladeKit.java,98,clover
1756,f0564c9e50766789d1e233d67f6caea46604c7a4,src/main/java/com/blade/kit/BladeKit.java,BladeKit.java,102,clover
1757,f0564c9e50766789d1e233d67f6caea46604c7a4,src/main/java/com/blade/kit/BeanKit.java,BeanKit.java,51,clover
1758,f0564c9e50766789d1e233d67f6caea46604c7a4,src/main/java/com/blade/kit/BeanKit.java,BeanKit.java,53,clover
1759,f0564c9e50766789d1e233d67f6caea46604c7a4,src/main/java/com/blade/kit/BeanKit.java,BeanKit.java,58,clover
1760,f0564c9e50766789d1e233d67f6caea46604c7a4,src/main/java/com/blade/kit/BeanKit.java,BeanKit.java,61,clover
1761,f0564c9e50766789d1e233d67f6caea46604c7a4,src/main/java/com/blade/kit/json/BeanSerializer.java,BeanSerializer.java,58,clover
1762,f0564c9e50766789d1e233d67f6caea46604c7a4,src/main/java/com/blade/kit/json/BeanSerializer.java,BeanSerializer.java,137,clover
1763,f0564c9e50766789d1e233d67f6caea46604c7a4,src/main/java/com/blade/kit/json/BeanSerializer.java,BeanSerializer.java,237,clover
1764,f0564c9e50766789d1e233d67f6caea46604c7a4,src/main/java/com/blade/ioc/bean/ClassDefine.java,ClassDefine.java,76,clover
1765,c00b3459497127f687838c52109b8187bca4612e,src/test/java/com/blade/ioc/FieldInjectorTest.java,FieldInjectorTest.java,19,clover
1766,c00b3459497127f687838c52109b8187bca4612e,src/test/java/com/blade/ioc/ClassDefineTest.java,ClassDefineTest.java,26,clover
1767,c00b3459497127f687838c52109b8187bca4612e,src/main/java/com/blade/test/BladeTestRunner.java,BladeTestRunner.java,42,clover
1768,c00b3459497127f687838c52109b8187bca4612e,src/main/java/com/blade/kit/ReflectKit.java,ReflectKit.java,333,clover
1769,c00b3459497127f687838c52109b8187bca4612e,src/main/java/com/blade/kit/ReflectKit.java,ReflectKit.java,334,clover
1770,c00b3459497127f687838c52109b8187bca4612e,src/main/java/com/blade/kit/ReflectKit.java,ReflectKit.java,340,clover
1771,c00b3459497127f687838c52109b8187bca4612e,src/main/java/com/blade/kit/ReflectKit.java,ReflectKit.java,341,clover
1772,c00b3459497127f687838c52109b8187bca4612e,src/main/java/com/blade/kit/ReflectKit.java,ReflectKit.java,345,clover
1773,c00b3459497127f687838c52109b8187bca4612e,src/main/java/com/blade/kit/ReflectKit.java,ReflectKit.java,346,clover
1774,c00b3459497127f687838c52109b8187bca4612e,src/main/java/com/blade/kit/BladeKit.java,BladeKit.java,75,clover
1775,c00b3459497127f687838c52109b8187bca4612e,src/main/java/com/blade/kit/BladeKit.java,BladeKit.java,98,clover
1776,c00b3459497127f687838c52109b8187bca4612e,src/main/java/com/blade/kit/BladeKit.java,BladeKit.java,102,clover
1777,c00b3459497127f687838c52109b8187bca4612e,src/main/java/com/blade/kit/BeanKit.java,BeanKit.java,51,clover
1778,c00b3459497127f687838c52109b8187bca4612e,src/main/java/com/blade/kit/BeanKit.java,BeanKit.java,53,clover
1779,c00b3459497127f687838c52109b8187bca4612e,src/main/java/com/blade/kit/BeanKit.java,BeanKit.java,58,clover
1780,c00b3459497127f687838c52109b8187bca4612e,src/main/java/com/blade/kit/BeanKit.java,BeanKit.java,61,clover
1781,c00b3459497127f687838c52109b8187bca4612e,src/main/java/com/blade/kit/json/BeanSerializer.java,BeanSerializer.java,58,clover
1782,c00b3459497127f687838c52109b8187bca4612e,src/main/java/com/blade/kit/json/BeanSerializer.java,BeanSerializer.java,137,clover
1783,c00b3459497127f687838c52109b8187bca4612e,src/main/java/com/blade/kit/json/BeanSerializer.java,BeanSerializer.java,237,clover
1784,c00b3459497127f687838c52109b8187bca4612e,src/main/java/com/blade/ioc/bean/ClassDefine.java,ClassDefine.java,76,clover
1785,d9c090b6aca5a69c230e9d3497171e4edaa37374,src/test/java/com/blade/ioc/FieldInjectorTest.java,FieldInjectorTest.java,19,clover
1786,d9c090b6aca5a69c230e9d3497171e4edaa37374,src/test/java/com/blade/ioc/ClassDefineTest.java,ClassDefineTest.java,26,clover
1787,d9c090b6aca5a69c230e9d3497171e4edaa37374,src/main/java/com/blade/test/BladeTestRunner.java,BladeTestRunner.java,42,clover
1788,d9c090b6aca5a69c230e9d3497171e4edaa37374,src/main/java/com/blade/kit/ReflectKit.java,ReflectKit.java,333,clover
1789,d9c090b6aca5a69c230e9d3497171e4edaa37374,src/main/java/com/blade/kit/ReflectKit.java,ReflectKit.java,334,clover
1790,d9c090b6aca5a69c230e9d3497171e4edaa37374,src/main/java/com/blade/kit/ReflectKit.java,ReflectKit.java,340,clover
1791,d9c090b6aca5a69c230e9d3497171e4edaa37374,src/main/java/com/blade/kit/ReflectKit.java,ReflectKit.java,341,clover
1792,d9c090b6aca5a69c230e9d3497171e4edaa37374,src/main/java/com/blade/kit/ReflectKit.java,ReflectKit.java,345,clover
1793,d9c090b6aca5a69c230e9d3497171e4edaa37374,src/main/java/com/blade/kit/ReflectKit.java,ReflectKit.java,346,clover
1794,d9c090b6aca5a69c230e9d3497171e4edaa37374,src/main/java/com/blade/kit/BladeKit.java,BladeKit.java,75,clover
1795,d9c090b6aca5a69c230e9d3497171e4edaa37374,src/main/java/com/blade/kit/BladeKit.java,BladeKit.java,98,clover
1796,d9c090b6aca5a69c230e9d3497171e4edaa37374,src/main/java/com/blade/kit/BladeKit.java,BladeKit.java,102,clover
1797,d9c090b6aca5a69c230e9d3497171e4edaa37374,src/main/java/com/blade/kit/BeanKit.java,BeanKit.java,51,clover
1798,d9c090b6aca5a69c230e9d3497171e4edaa37374,src/main/java/com/blade/kit/BeanKit.java,BeanKit.java,53,clover
1799,d9c090b6aca5a69c230e9d3497171e4edaa37374,src/main/java/com/blade/kit/BeanKit.java,BeanKit.java,58,clover
1800,d9c090b6aca5a69c230e9d3497171e4edaa37374,src/main/java/com/blade/kit/BeanKit.java,BeanKit.java,61,clover
1801,d9c090b6aca5a69c230e9d3497171e4edaa37374,src/main/java/com/blade/kit/json/BeanSerializer.java,BeanSerializer.java,58,clover
1802,d9c090b6aca5a69c230e9d3497171e4edaa37374,src/main/java/com/blade/kit/json/BeanSerializer.java,BeanSerializer.java,137,clover
1803,d9c090b6aca5a69c230e9d3497171e4edaa37374,src/main/java/com/blade/kit/json/BeanSerializer.java,BeanSerializer.java,237,clover
1804,d9c090b6aca5a69c230e9d3497171e4edaa37374,src/main/java/com/blade/ioc/bean/ClassDefine.java,ClassDefine.java,76,clover
1805,726f50bc5ba093420a1fcb5a8f8bcd409f00dfac,src/test/java/com/blade/ioc/FieldInjectorTest.java,FieldInjectorTest.java,19,clover
1806,726f50bc5ba093420a1fcb5a8f8bcd409f00dfac,src/test/java/com/blade/ioc/ClassDefineTest.java,ClassDefineTest.java,26,clover
1807,726f50bc5ba093420a1fcb5a8f8bcd409f00dfac,src/main/java/com/blade/test/BladeTestRunner.java,BladeTestRunner.java,42,clover
1808,726f50bc5ba093420a1fcb5a8f8bcd409f00dfac,src/main/java/com/blade/kit/ReflectKit.java,ReflectKit.java,333,clover
1809,726f50bc5ba093420a1fcb5a8f8bcd409f00dfac,src/main/java/com/blade/kit/ReflectKit.java,ReflectKit.java,334,clover
1810,726f50bc5ba093420a1fcb5a8f8bcd409f00dfac,src/main/java/com/blade/kit/ReflectKit.java,ReflectKit.java,340,clover
1811,726f50bc5ba093420a1fcb5a8f8bcd409f00dfac,src/main/java/com/blade/kit/ReflectKit.java,ReflectKit.java,341,clover
1812,726f50bc5ba093420a1fcb5a8f8bcd409f00dfac,src/main/java/com/blade/kit/ReflectKit.java,ReflectKit.java,345,clover
1813,726f50bc5ba093420a1fcb5a8f8bcd409f00dfac,src/main/java/com/blade/kit/ReflectKit.java,ReflectKit.java,346,clover
1814,726f50bc5ba093420a1fcb5a8f8bcd409f00dfac,src/main/java/com/blade/kit/BladeKit.java,BladeKit.java,75,clover
1815,726f50bc5ba093420a1fcb5a8f8bcd409f00dfac,src/main/java/com/blade/kit/BladeKit.java,BladeKit.java,98,clover
1816,726f50bc5ba093420a1fcb5a8f8bcd409f00dfac,src/main/java/com/blade/kit/BladeKit.java,BladeKit.java,102,clover
1817,726f50bc5ba093420a1fcb5a8f8bcd409f00dfac,src/main/java/com/blade/kit/BeanKit.java,BeanKit.java,51,clover
1818,726f50bc5ba093420a1fcb5a8f8bcd409f00dfac,src/main/java/com/blade/kit/BeanKit.java,BeanKit.java,53,clover
1819,726f50bc5ba093420a1fcb5a8f8bcd409f00dfac,src/main/java/com/blade/kit/BeanKit.java,BeanKit.java,58,clover
1820,726f50bc5ba093420a1fcb5a8f8bcd409f00dfac,src/main/java/com/blade/kit/BeanKit.java,BeanKit.java,61,clover
1821,726f50bc5ba093420a1fcb5a8f8bcd409f00dfac,src/main/java/com/blade/kit/json/BeanSerializer.java,BeanSerializer.java,58,clover
1822,726f50bc5ba093420a1fcb5a8f8bcd409f00dfac,src/main/java/com/blade/kit/json/BeanSerializer.java,BeanSerializer.java,137,clover
1823,726f50bc5ba093420a1fcb5a8f8bcd409f00dfac,src/main/java/com/blade/kit/json/BeanSerializer.java,BeanSerializer.java,237,clover
1824,726f50bc5ba093420a1fcb5a8f8bcd409f00dfac,src/main/java/com/blade/ioc/bean/ClassDefine.java,ClassDefine.java,76,clover
1825,8225e6b635e4c0eb748958cae856a6727fd3277d,src/test/java/com/blade/ioc/FieldInjectorTest.java,FieldInjectorTest.java,19,clover
1826,8225e6b635e4c0eb748958cae856a6727fd3277d,src/test/java/com/blade/ioc/ClassDefineTest.java,ClassDefineTest.java,26,clover
1827,8225e6b635e4c0eb748958cae856a6727fd3277d,src/main/java/com/blade/test/BladeTestRunner.java,BladeTestRunner.java,42,clover
1828,8225e6b635e4c0eb748958cae856a6727fd3277d,src/main/java/com/blade/kit/ReflectKit.java,ReflectKit.java,333,clover
1829,8225e6b635e4c0eb748958cae856a6727fd3277d,src/main/java/com/blade/kit/ReflectKit.java,ReflectKit.java,334,clover
1830,8225e6b635e4c0eb748958cae856a6727fd3277d,src/main/java/com/blade/kit/ReflectKit.java,ReflectKit.java,340,clover
1831,8225e6b635e4c0eb748958cae856a6727fd3277d,src/main/java/com/blade/kit/ReflectKit.java,ReflectKit.java,341,clover
1832,8225e6b635e4c0eb748958cae856a6727fd3277d,src/main/java/com/blade/kit/ReflectKit.java,ReflectKit.java,345,clover
1833,8225e6b635e4c0eb748958cae856a6727fd3277d,src/main/java/com/blade/kit/ReflectKit.java,ReflectKit.java,346,clover
1834,8225e6b635e4c0eb748958cae856a6727fd3277d,src/main/java/com/blade/kit/BladeKit.java,BladeKit.java,75,clover
1835,8225e6b635e4c0eb748958cae856a6727fd3277d,src/main/java/com/blade/kit/BladeKit.java,BladeKit.java,98,clover
1836,8225e6b635e4c0eb748958cae856a6727fd3277d,src/main/java/com/blade/kit/BladeKit.java,BladeKit.java,102,clover
1837,8225e6b635e4c0eb748958cae856a6727fd3277d,src/main/java/com/blade/kit/BeanKit.java,BeanKit.java,51,clover
1838,8225e6b635e4c0eb748958cae856a6727fd3277d,src/main/java/com/blade/kit/BeanKit.java,BeanKit.java,53,clover
1839,8225e6b635e4c0eb748958cae856a6727fd3277d,src/main/java/com/blade/kit/BeanKit.java,BeanKit.java,58,clover
1840,8225e6b635e4c0eb748958cae856a6727fd3277d,src/main/java/com/blade/kit/BeanKit.java,BeanKit.java,61,clover
1841,8225e6b635e4c0eb748958cae856a6727fd3277d,src/main/java/com/blade/kit/json/BeanSerializer.java,BeanSerializer.java,58,clover
1842,8225e6b635e4c0eb748958cae856a6727fd3277d,src/main/java/com/blade/kit/json/BeanSerializer.java,BeanSerializer.java,137,clover
1843,8225e6b635e4c0eb748958cae856a6727fd3277d,src/main/java/com/blade/kit/json/BeanSerializer.java,BeanSerializer.java,237,clover
1844,8225e6b635e4c0eb748958cae856a6727fd3277d,src/main/java/com/blade/ioc/bean/ClassDefine.java,ClassDefine.java,76,clover
1845,ba85b8c8fd55c86dfba9d6a4fdbc5c714b8ad211,src/test/java/com/blade/ioc/FieldInjectorTest.java,FieldInjectorTest.java,19,clover
1846,ba85b8c8fd55c86dfba9d6a4fdbc5c714b8ad211,src/test/java/com/blade/ioc/ClassDefineTest.java,ClassDefineTest.java,26,clover
1847,ba85b8c8fd55c86dfba9d6a4fdbc5c714b8ad211,src/main/java/com/blade/test/BladeTestRunner.java,BladeTestRunner.java,42,clover
1848,ba85b8c8fd55c86dfba9d6a4fdbc5c714b8ad211,src/main/java/com/blade/kit/ReflectKit.java,ReflectKit.java,333,clover
1849,ba85b8c8fd55c86dfba9d6a4fdbc5c714b8ad211,src/main/java/com/blade/kit/ReflectKit.java,ReflectKit.java,334,clover
1850,ba85b8c8fd55c86dfba9d6a4fdbc5c714b8ad211,src/main/java/com/blade/kit/ReflectKit.java,ReflectKit.java,340,clover
1851,ba85b8c8fd55c86dfba9d6a4fdbc5c714b8ad211,src/main/java/com/blade/kit/ReflectKit.java,ReflectKit.java,341,clover
1852,ba85b8c8fd55c86dfba9d6a4fdbc5c714b8ad211,src/main/java/com/blade/kit/ReflectKit.java,ReflectKit.java,345,clover
1853,ba85b8c8fd55c86dfba9d6a4fdbc5c714b8ad211,src/main/java/com/blade/kit/ReflectKit.java,ReflectKit.java,346,clover
1854,ba85b8c8fd55c86dfba9d6a4fdbc5c714b8ad211,src/main/java/com/blade/kit/BladeKit.java,BladeKit.java,75,clover
1855,ba85b8c8fd55c86dfba9d6a4fdbc5c714b8ad211,src/main/java/com/blade/kit/BladeKit.java,BladeKit.java,98,clover
1856,ba85b8c8fd55c86dfba9d6a4fdbc5c714b8ad211,src/main/java/com/blade/kit/BladeKit.java,BladeKit.java,102,clover
1857,ba85b8c8fd55c86dfba9d6a4fdbc5c714b8ad211,src/main/java/com/blade/kit/BeanKit.java,BeanKit.java,51,clover
1858,ba85b8c8fd55c86dfba9d6a4fdbc5c714b8ad211,src/main/java/com/blade/kit/BeanKit.java,BeanKit.java,53,clover
1859,ba85b8c8fd55c86dfba9d6a4fdbc5c714b8ad211,src/main/java/com/blade/kit/BeanKit.java,BeanKit.java,58,clover
1860,ba85b8c8fd55c86dfba9d6a4fdbc5c714b8ad211,src/main/java/com/blade/kit/BeanKit.java,BeanKit.java,61,clover
1861,ba85b8c8fd55c86dfba9d6a4fdbc5c714b8ad211,src/main/java/com/blade/kit/json/BeanSerializer.java,BeanSerializer.java,58,clover
1862,ba85b8c8fd55c86dfba9d6a4fdbc5c714b8ad211,src/main/java/com/blade/kit/json/BeanSerializer.java,BeanSerializer.java,137,clover
1863,ba85b8c8fd55c86dfba9d6a4fdbc5c714b8ad211,src/main/java/com/blade/kit/json/BeanSerializer.java,BeanSerializer.java,237,clover
1864,ba85b8c8fd55c86dfba9d6a4fdbc5c714b8ad211,src/main/java/com/blade/ioc/bean/ClassDefine.java,ClassDefine.java,76,clover
1865,16586ba5d19f08d93210e1ddb577d7fed47158ad,src/test/java/com/blade/ioc/FieldInjectorTest.java,FieldInjectorTest.java,19,clover
1866,16586ba5d19f08d93210e1ddb577d7fed47158ad,src/test/java/com/blade/ioc/ClassDefineTest.java,ClassDefineTest.java,26,clover
1867,16586ba5d19f08d93210e1ddb577d7fed47158ad,src/main/java/com/blade/test/BladeTestRunner.java,BladeTestRunner.java,42,clover
1868,16586ba5d19f08d93210e1ddb577d7fed47158ad,src/main/java/com/blade/kit/ReflectKit.java,ReflectKit.java,333,clover
1869,16586ba5d19f08d93210e1ddb577d7fed47158ad,src/main/java/com/blade/kit/ReflectKit.java,ReflectKit.java,334,clover
1870,16586ba5d19f08d93210e1ddb577d7fed47158ad,src/main/java/com/blade/kit/ReflectKit.java,ReflectKit.java,340,clover
1871,16586ba5d19f08d93210e1ddb577d7fed47158ad,src/main/java/com/blade/kit/ReflectKit.java,ReflectKit.java,341,clover
1872,16586ba5d19f08d93210e1ddb577d7fed47158ad,src/main/java/com/blade/kit/ReflectKit.java,ReflectKit.java,345,clover
1873,16586ba5d19f08d93210e1ddb577d7fed47158ad,src/main/java/com/blade/kit/ReflectKit.java,ReflectKit.java,346,clover
1874,16586ba5d19f08d93210e1ddb577d7fed47158ad,src/main/java/com/blade/kit/BladeKit.java,BladeKit.java,75,clover
1875,16586ba5d19f08d93210e1ddb577d7fed47158ad,src/main/java/com/blade/kit/BladeKit.java,BladeKit.java,98,clover
1876,16586ba5d19f08d93210e1ddb577d7fed47158ad,src/main/java/com/blade/kit/BladeKit.java,BladeKit.java,102,clover
1877,16586ba5d19f08d93210e1ddb577d7fed47158ad,src/main/java/com/blade/kit/BeanKit.java,BeanKit.java,51,clover
1878,16586ba5d19f08d93210e1ddb577d7fed47158ad,src/main/java/com/blade/kit/BeanKit.java,BeanKit.java,53,clover
1879,16586ba5d19f08d93210e1ddb577d7fed47158ad,src/main/java/com/blade/kit/BeanKit.java,BeanKit.java,58,clover
1880,16586ba5d19f08d93210e1ddb577d7fed47158ad,src/main/java/com/blade/kit/BeanKit.java,BeanKit.java,61,clover
1881,16586ba5d19f08d93210e1ddb577d7fed47158ad,src/main/java/com/blade/kit/json/BeanSerializer.java,BeanSerializer.java,58,clover
1882,16586ba5d19f08d93210e1ddb577d7fed47158ad,src/main/java/com/blade/kit/json/BeanSerializer.java,BeanSerializer.java,137,clover
1883,16586ba5d19f08d93210e1ddb577d7fed47158ad,src/main/java/com/blade/kit/json/BeanSerializer.java,BeanSerializer.java,237,clover
1884,16586ba5d19f08d93210e1ddb577d7fed47158ad,src/main/java/com/blade/ioc/bean/ClassDefine.java,ClassDefine.java,76,clover
1885,361056d071cee85ee29a7a547403275222b9762d,src/test/java/com/blade/ioc/FieldInjectorTest.java,FieldInjectorTest.java,19,clover
1886,361056d071cee85ee29a7a547403275222b9762d,src/test/java/com/blade/ioc/ClassDefineTest.java,ClassDefineTest.java,26,clover
1887,361056d071cee85ee29a7a547403275222b9762d,src/main/java/com/blade/test/BladeTestRunner.java,BladeTestRunner.java,42,clover
1888,361056d071cee85ee29a7a547403275222b9762d,src/main/java/com/blade/kit/ReflectKit.java,ReflectKit.java,333,clover
1889,361056d071cee85ee29a7a547403275222b9762d,src/main/java/com/blade/kit/ReflectKit.java,ReflectKit.java,334,clover
1890,361056d071cee85ee29a7a547403275222b9762d,src/main/java/com/blade/kit/ReflectKit.java,ReflectKit.java,340,clover
1891,361056d071cee85ee29a7a547403275222b9762d,src/main/java/com/blade/kit/ReflectKit.java,ReflectKit.java,341,clover
1892,361056d071cee85ee29a7a547403275222b9762d,src/main/java/com/blade/kit/ReflectKit.java,ReflectKit.java,345,clover
1893,361056d071cee85ee29a7a547403275222b9762d,src/main/java/com/blade/kit/ReflectKit.java,ReflectKit.java,346,clover
1894,361056d071cee85ee29a7a547403275222b9762d,src/main/java/com/blade/kit/BladeKit.java,BladeKit.java,75,clover
1895,361056d071cee85ee29a7a547403275222b9762d,src/main/java/com/blade/kit/BladeKit.java,BladeKit.java,98,clover
1896,361056d071cee85ee29a7a547403275222b9762d,src/main/java/com/blade/kit/BladeKit.java,BladeKit.java,102,clover
1897,361056d071cee85ee29a7a547403275222b9762d,src/main/java/com/blade/kit/BeanKit.java,BeanKit.java,51,clover
1898,361056d071cee85ee29a7a547403275222b9762d,src/main/java/com/blade/kit/BeanKit.java,BeanKit.java,53,clover
1899,361056d071cee85ee29a7a547403275222b9762d,src/main/java/com/blade/kit/BeanKit.java,BeanKit.java,58,clover
1900,361056d071cee85ee29a7a547403275222b9762d,src/main/java/com/blade/kit/BeanKit.java,BeanKit.java,61,clover
1901,361056d071cee85ee29a7a547403275222b9762d,src/main/java/com/blade/kit/json/BeanSerializer.java,BeanSerializer.java,58,clover
1902,361056d071cee85ee29a7a547403275222b9762d,src/main/java/com/blade/kit/json/BeanSerializer.java,BeanSerializer.java,137,clover
1903,361056d071cee85ee29a7a547403275222b9762d,src/main/java/com/blade/kit/json/BeanSerializer.java,BeanSerializer.java,237,clover
1904,361056d071cee85ee29a7a547403275222b9762d,src/main/java/com/blade/ioc/bean/ClassDefine.java,ClassDefine.java,76,clover
1905,0e4cc000ce1f33f0a910d18f25233ce8fb2c91de,src/test/java/com/blade/ioc/FieldInjectorTest.java,FieldInjectorTest.java,19,clover
1906,0e4cc000ce1f33f0a910d18f25233ce8fb2c91de,src/test/java/com/blade/ioc/ClassDefineTest.java,ClassDefineTest.java,26,clover
1907,0e4cc000ce1f33f0a910d18f25233ce8fb2c91de,src/main/java/com/blade/test/BladeTestRunner.java,BladeTestRunner.java,42,clover
1908,0e4cc000ce1f33f0a910d18f25233ce8fb2c91de,src/main/java/com/blade/kit/ReflectKit.java,ReflectKit.java,333,clover
1909,0e4cc000ce1f33f0a910d18f25233ce8fb2c91de,src/main/java/com/blade/kit/ReflectKit.java,ReflectKit.java,334,clover
1910,0e4cc000ce1f33f0a910d18f25233ce8fb2c91de,src/main/java/com/blade/kit/ReflectKit.java,ReflectKit.java,340,clover
1911,0e4cc000ce1f33f0a910d18f25233ce8fb2c91de,src/main/java/com/blade/kit/ReflectKit.java,ReflectKit.java,341,clover
1912,0e4cc000ce1f33f0a910d18f25233ce8fb2c91de,src/main/java/com/blade/kit/ReflectKit.java,ReflectKit.java,345,clover
1913,0e4cc000ce1f33f0a910d18f25233ce8fb2c91de,src/main/java/com/blade/kit/ReflectKit.java,ReflectKit.java,346,clover
1914,0e4cc000ce1f33f0a910d18f25233ce8fb2c91de,src/main/java/com/blade/kit/BladeKit.java,BladeKit.java,75,clover
1915,0e4cc000ce1f33f0a910d18f25233ce8fb2c91de,src/main/java/com/blade/kit/BladeKit.java,BladeKit.java,98,clover
1916,0e4cc000ce1f33f0a910d18f25233ce8fb2c91de,src/main/java/com/blade/kit/BladeKit.java,BladeKit.java,102,clover
1917,0e4cc000ce1f33f0a910d18f25233ce8fb2c91de,src/main/java/com/blade/kit/BeanKit.java,BeanKit.java,51,clover
1918,0e4cc000ce1f33f0a910d18f25233ce8fb2c91de,src/main/java/com/blade/kit/BeanKit.java,BeanKit.java,53,clover
1919,0e4cc000ce1f33f0a910d18f25233ce8fb2c91de,src/main/java/com/blade/kit/BeanKit.java,BeanKit.java,58,clover
1920,0e4cc000ce1f33f0a910d18f25233ce8fb2c91de,src/main/java/com/blade/kit/BeanKit.java,BeanKit.java,61,clover
1921,0e4cc000ce1f33f0a910d18f25233ce8fb2c91de,src/main/java/com/blade/kit/json/BeanSerializer.java,BeanSerializer.java,58,clover
1922,0e4cc000ce1f33f0a910d18f25233ce8fb2c91de,src/main/java/com/blade/kit/json/BeanSerializer.java,BeanSerializer.java,137,clover
1923,0e4cc000ce1f33f0a910d18f25233ce8fb2c91de,src/main/java/com/blade/kit/json/BeanSerializer.java,BeanSerializer.java,237,clover
1924,0e4cc000ce1f33f0a910d18f25233ce8fb2c91de,src/main/java/com/blade/ioc/bean/ClassDefine.java,ClassDefine.java,76,clover
1925,94f5f3ec0412724b8b4badea33ef8a2d682bb93f,src/test/java/com/blade/ioc/FieldInjectorTest.java,FieldInjectorTest.java,19,clover
1926,94f5f3ec0412724b8b4badea33ef8a2d682bb93f,src/test/java/com/blade/ioc/ClassDefineTest.java,ClassDefineTest.java,26,clover
1927,94f5f3ec0412724b8b4badea33ef8a2d682bb93f,src/main/java/com/blade/test/BladeTestRunner.java,BladeTestRunner.java,42,clover
1928,94f5f3ec0412724b8b4badea33ef8a2d682bb93f,src/main/java/com/blade/kit/ReflectKit.java,ReflectKit.java,333,clover
1929,94f5f3ec0412724b8b4badea33ef8a2d682bb93f,src/main/java/com/blade/kit/ReflectKit.java,ReflectKit.java,334,clover
1930,94f5f3ec0412724b8b4badea33ef8a2d682bb93f,src/main/java/com/blade/kit/ReflectKit.java,ReflectKit.java,340,clover
1931,94f5f3ec0412724b8b4badea33ef8a2d682bb93f,src/main/java/com/blade/kit/ReflectKit.java,ReflectKit.java,341,clover
1932,94f5f3ec0412724b8b4badea33ef8a2d682bb93f,src/main/java/com/blade/kit/ReflectKit.java,ReflectKit.java,345,clover
1933,94f5f3ec0412724b8b4badea33ef8a2d682bb93f,src/main/java/com/blade/kit/ReflectKit.java,ReflectKit.java,346,clover
1934,94f5f3ec0412724b8b4badea33ef8a2d682bb93f,src/main/java/com/blade/kit/BladeKit.java,BladeKit.java,75,clover
1935,94f5f3ec0412724b8b4badea33ef8a2d682bb93f,src/main/java/com/blade/kit/BladeKit.java,BladeKit.java,98,clover
1936,94f5f3ec0412724b8b4badea33ef8a2d682bb93f,src/main/java/com/blade/kit/BladeKit.java,BladeKit.java,102,clover
1937,94f5f3ec0412724b8b4badea33ef8a2d682bb93f,src/main/java/com/blade/kit/BeanKit.java,BeanKit.java,51,clover
1938,94f5f3ec0412724b8b4badea33ef8a2d682bb93f,src/main/java/com/blade/kit/BeanKit.java,BeanKit.java,53,clover
1939,94f5f3ec0412724b8b4badea33ef8a2d682bb93f,src/main/java/com/blade/kit/BeanKit.java,BeanKit.java,58,clover
1940,94f5f3ec0412724b8b4badea33ef8a2d682bb93f,src/main/java/com/blade/kit/BeanKit.java,BeanKit.java,61,clover
1941,94f5f3ec0412724b8b4badea33ef8a2d682bb93f,src/main/java/com/blade/kit/json/BeanSerializer.java,BeanSerializer.java,58,clover
1942,94f5f3ec0412724b8b4badea33ef8a2d682bb93f,src/main/java/com/blade/kit/json/BeanSerializer.java,BeanSerializer.java,137,clover
1943,94f5f3ec0412724b8b4badea33ef8a2d682bb93f,src/main/java/com/blade/kit/json/BeanSerializer.java,BeanSerializer.java,237,clover
1944,94f5f3ec0412724b8b4badea33ef8a2d682bb93f,src/main/java/com/blade/ioc/bean/ClassDefine.java,ClassDefine.java,76,clover
1945,21eddff9925835dcf73e9d8428d642226de60dfb,src/test/java/com/blade/ioc/FieldInjectorTest.java,FieldInjectorTest.java,19,clover
1946,21eddff9925835dcf73e9d8428d642226de60dfb,src/test/java/com/blade/ioc/ClassDefineTest.java,ClassDefineTest.java,26,clover
1947,21eddff9925835dcf73e9d8428d642226de60dfb,src/main/java/com/blade/test/BladeTestRunner.java,BladeTestRunner.java,42,clover
1948,21eddff9925835dcf73e9d8428d642226de60dfb,src/main/java/com/blade/kit/ReflectKit.java,ReflectKit.java,333,clover
1949,21eddff9925835dcf73e9d8428d642226de60dfb,src/main/java/com/blade/kit/ReflectKit.java,ReflectKit.java,334,clover
1950,21eddff9925835dcf73e9d8428d642226de60dfb,src/main/java/com/blade/kit/ReflectKit.java,ReflectKit.java,340,clover
1951,21eddff9925835dcf73e9d8428d642226de60dfb,src/main/java/com/blade/kit/ReflectKit.java,ReflectKit.java,341,clover
1952,21eddff9925835dcf73e9d8428d642226de60dfb,src/main/java/com/blade/kit/ReflectKit.java,ReflectKit.java,345,clover
1953,21eddff9925835dcf73e9d8428d642226de60dfb,src/main/java/com/blade/kit/ReflectKit.java,ReflectKit.java,346,clover
1954,21eddff9925835dcf73e9d8428d642226de60dfb,src/main/java/com/blade/kit/BladeKit.java,BladeKit.java,75,clover
1955,21eddff9925835dcf73e9d8428d642226de60dfb,src/main/java/com/blade/kit/BladeKit.java,BladeKit.java,98,clover
1956,21eddff9925835dcf73e9d8428d642226de60dfb,src/main/java/com/blade/kit/BladeKit.java,BladeKit.java,102,clover
1957,21eddff9925835dcf73e9d8428d642226de60dfb,src/main/java/com/blade/kit/BeanKit.java,BeanKit.java,51,clover
1958,21eddff9925835dcf73e9d8428d642226de60dfb,src/main/java/com/blade/kit/BeanKit.java,BeanKit.java,53,clover
1959,21eddff9925835dcf73e9d8428d642226de60dfb,src/main/java/com/blade/kit/BeanKit.java,BeanKit.java,58,clover
1960,21eddff9925835dcf73e9d8428d642226de60dfb,src/main/java/com/blade/kit/BeanKit.java,BeanKit.java,61,clover
1961,21eddff9925835dcf73e9d8428d642226de60dfb,src/main/java/com/blade/kit/json/BeanSerializer.java,BeanSerializer.java,58,clover
1962,21eddff9925835dcf73e9d8428d642226de60dfb,src/main/java/com/blade/kit/json/BeanSerializer.java,BeanSerializer.java,137,clover
1963,21eddff9925835dcf73e9d8428d642226de60dfb,src/main/java/com/blade/kit/json/BeanSerializer.java,BeanSerializer.java,237,clover
1964,21eddff9925835dcf73e9d8428d642226de60dfb,src/main/java/com/blade/ioc/bean/ClassDefine.java,ClassDefine.java,76,clover
1965,2a0ef45ddb4cbd6a886b3f918a690327c3edc839,src/test/java/com/blade/ioc/FieldInjectorTest.java,FieldInjectorTest.java,19,clover
1966,2a0ef45ddb4cbd6a886b3f918a690327c3edc839,src/test/java/com/blade/ioc/ClassDefineTest.java,ClassDefineTest.java,26,clover
1967,2a0ef45ddb4cbd6a886b3f918a690327c3edc839,src/main/java/com/blade/test/BladeTestRunner.java,BladeTestRunner.java,42,clover
1968,2a0ef45ddb4cbd6a886b3f918a690327c3edc839,src/main/java/com/blade/kit/ReflectKit.java,ReflectKit.java,333,clover
1969,2a0ef45ddb4cbd6a886b3f918a690327c3edc839,src/main/java/com/blade/kit/ReflectKit.java,ReflectKit.java,334,clover
1970,2a0ef45ddb4cbd6a886b3f918a690327c3edc839,src/main/java/com/blade/kit/ReflectKit.java,ReflectKit.java,340,clover
1971,2a0ef45ddb4cbd6a886b3f918a690327c3edc839,src/main/java/com/blade/kit/ReflectKit.java,ReflectKit.java,341,clover
1972,2a0ef45ddb4cbd6a886b3f918a690327c3edc839,src/main/java/com/blade/kit/ReflectKit.java,ReflectKit.java,345,clover
1973,2a0ef45ddb4cbd6a886b3f918a690327c3edc839,src/main/java/com/blade/kit/ReflectKit.java,ReflectKit.java,346,clover
1974,2a0ef45ddb4cbd6a886b3f918a690327c3edc839,src/main/java/com/blade/kit/BladeKit.java,BladeKit.java,75,clover
1975,2a0ef45ddb4cbd6a886b3f918a690327c3edc839,src/main/java/com/blade/kit/BladeKit.java,BladeKit.java,98,clover
1976,2a0ef45ddb4cbd6a886b3f918a690327c3edc839,src/main/java/com/blade/kit/BladeKit.java,BladeKit.java,102,clover
1977,2a0ef45ddb4cbd6a886b3f918a690327c3edc839,src/main/java/com/blade/kit/BeanKit.java,BeanKit.java,51,clover
1978,2a0ef45ddb4cbd6a886b3f918a690327c3edc839,src/main/java/com/blade/kit/BeanKit.java,BeanKit.java,53,clover
1979,2a0ef45ddb4cbd6a886b3f918a690327c3edc839,src/main/java/com/blade/kit/BeanKit.java,BeanKit.java,58,clover
1980,2a0ef45ddb4cbd6a886b3f918a690327c3edc839,src/main/java/com/blade/kit/BeanKit.java,BeanKit.java,61,clover
1981,2a0ef45ddb4cbd6a886b3f918a690327c3edc839,src/main/java/com/blade/kit/json/BeanSerializer.java,BeanSerializer.java,58,clover
1982,2a0ef45ddb4cbd6a886b3f918a690327c3edc839,src/main/java/com/blade/kit/json/BeanSerializer.java,BeanSerializer.java,137,clover
1983,2a0ef45ddb4cbd6a886b3f918a690327c3edc839,src/main/java/com/blade/kit/json/BeanSerializer.java,BeanSerializer.java,237,clover
1984,2a0ef45ddb4cbd6a886b3f918a690327c3edc839,src/main/java/com/blade/ioc/bean/ClassDefine.java,ClassDefine.java,76,clover
1985,0e29f4ce06f71b61508c0df4ba6a281820225fa8,src/test/java/com/blade/ioc/FieldInjectorTest.java,FieldInjectorTest.java,19,clover
1986,0e29f4ce06f71b61508c0df4ba6a281820225fa8,src/test/java/com/blade/ioc/ClassDefineTest.java,ClassDefineTest.java,26,clover
1987,0e29f4ce06f71b61508c0df4ba6a281820225fa8,src/main/java/com/blade/test/BladeTestRunner.java,BladeTestRunner.java,42,clover
1988,0e29f4ce06f71b61508c0df4ba6a281820225fa8,src/main/java/com/blade/kit/ReflectKit.java,ReflectKit.java,333,clover
1989,0e29f4ce06f71b61508c0df4ba6a281820225fa8,src/main/java/com/blade/kit/ReflectKit.java,ReflectKit.java,334,clover
1990,0e29f4ce06f71b61508c0df4ba6a281820225fa8,src/main/java/com/blade/kit/ReflectKit.java,ReflectKit.java,340,clover
1991,0e29f4ce06f71b61508c0df4ba6a281820225fa8,src/main/java/com/blade/kit/ReflectKit.java,ReflectKit.java,341,clover
1992,0e29f4ce06f71b61508c0df4ba6a281820225fa8,src/main/java/com/blade/kit/ReflectKit.java,ReflectKit.java,345,clover
1993,0e29f4ce06f71b61508c0df4ba6a281820225fa8,src/main/java/com/blade/kit/ReflectKit.java,ReflectKit.java,346,clover
1994,0e29f4ce06f71b61508c0df4ba6a281820225fa8,src/main/java/com/blade/kit/BladeKit.java,BladeKit.java,75,clover
1995,0e29f4ce06f71b61508c0df4ba6a281820225fa8,src/main/java/com/blade/kit/BladeKit.java,BladeKit.java,98,clover
1996,0e29f4ce06f71b61508c0df4ba6a281820225fa8,src/main/java/com/blade/kit/BladeKit.java,BladeKit.java,102,clover
1997,0e29f4ce06f71b61508c0df4ba6a281820225fa8,src/main/java/com/blade/kit/BeanKit.java,BeanKit.java,51,clover
1998,0e29f4ce06f71b61508c0df4ba6a281820225fa8,src/main/java/com/blade/kit/BeanKit.java,BeanKit.java,53,clover
1999,0e29f4ce06f71b61508c0df4ba6a281820225fa8,src/main/java/com/blade/kit/BeanKit.java,BeanKit.java,58,clover
2000,0e29f4ce06f71b61508c0df4ba6a281820225fa8,src/main/java/com/blade/kit/BeanKit.java,BeanKit.java,61,clover
2001,0e29f4ce06f71b61508c0df4ba6a281820225fa8,src/main/java/com/blade/kit/json/BeanSerializer.java,BeanSerializer.java,58,clover
2002,0e29f4ce06f71b61508c0df4ba6a281820225fa8,src/main/java/com/blade/kit/json/BeanSerializer.java,BeanSerializer.java,137,clover
2003,0e29f4ce06f71b61508c0df4ba6a281820225fa8,src/main/java/com/blade/kit/json/BeanSerializer.java,BeanSerializer.java,237,clover
2004,0e29f4ce06f71b61508c0df4ba6a281820225fa8,src/main/java/com/blade/ioc/bean/ClassDefine.java,ClassDefine.java,76,clover
2005,926913f3eaa2bc44b4bb8703e7d61e773cccc4d0,src/test/java/com/blade/ioc/FieldInjectorTest.java,FieldInjectorTest.java,19,clover
2006,926913f3eaa2bc44b4bb8703e7d61e773cccc4d0,src/test/java/com/blade/ioc/ClassDefineTest.java,ClassDefineTest.java,26,clover
2007,926913f3eaa2bc44b4bb8703e7d61e773cccc4d0,src/main/java/com/blade/test/BladeTestRunner.java,BladeTestRunner.java,42,clover
2008,926913f3eaa2bc44b4bb8703e7d61e773cccc4d0,src/main/java/com/blade/kit/ReflectKit.java,ReflectKit.java,333,clover
2009,926913f3eaa2bc44b4bb8703e7d61e773cccc4d0,src/main/java/com/blade/kit/ReflectKit.java,ReflectKit.java,334,clover
2010,926913f3eaa2bc44b4bb8703e7d61e773cccc4d0,src/main/java/com/blade/kit/ReflectKit.java,ReflectKit.java,340,clover
2011,926913f3eaa2bc44b4bb8703e7d61e773cccc4d0,src/main/java/com/blade/kit/ReflectKit.java,ReflectKit.java,341,clover
2012,926913f3eaa2bc44b4bb8703e7d61e773cccc4d0,src/main/java/com/blade/kit/ReflectKit.java,ReflectKit.java,345,clover
2013,926913f3eaa2bc44b4bb8703e7d61e773cccc4d0,src/main/java/com/blade/kit/ReflectKit.java,ReflectKit.java,346,clover
2014,926913f3eaa2bc44b4bb8703e7d61e773cccc4d0,src/main/java/com/blade/kit/BladeKit.java,BladeKit.java,75,clover
2015,926913f3eaa2bc44b4bb8703e7d61e773cccc4d0,src/main/java/com/blade/kit/BladeKit.java,BladeKit.java,98,clover
2016,926913f3eaa2bc44b4bb8703e7d61e773cccc4d0,src/main/java/com/blade/kit/BladeKit.java,BladeKit.java,102,clover
2017,926913f3eaa2bc44b4bb8703e7d61e773cccc4d0,src/main/java/com/blade/kit/BeanKit.java,BeanKit.java,51,clover
2018,926913f3eaa2bc44b4bb8703e7d61e773cccc4d0,src/main/java/com/blade/kit/BeanKit.java,BeanKit.java,53,clover
2019,926913f3eaa2bc44b4bb8703e7d61e773cccc4d0,src/main/java/com/blade/kit/BeanKit.java,BeanKit.java,58,clover
2020,926913f3eaa2bc44b4bb8703e7d61e773cccc4d0,src/main/java/com/blade/kit/BeanKit.java,BeanKit.java,61,clover
2021,926913f3eaa2bc44b4bb8703e7d61e773cccc4d0,src/main/java/com/blade/kit/json/BeanSerializer.java,BeanSerializer.java,58,clover
2022,926913f3eaa2bc44b4bb8703e7d61e773cccc4d0,src/main/java/com/blade/kit/json/BeanSerializer.java,BeanSerializer.java,137,clover
2023,926913f3eaa2bc44b4bb8703e7d61e773cccc4d0,src/main/java/com/blade/kit/json/BeanSerializer.java,BeanSerializer.java,237,clover
2024,926913f3eaa2bc44b4bb8703e7d61e773cccc4d0,src/main/java/com/blade/ioc/bean/ClassDefine.java,ClassDefine.java,76,clover
2025,8358eff09635234fd3c1118d97a685172f7be0e4,src/test/java/com/blade/ioc/FieldInjectorTest.java,FieldInjectorTest.java,19,clover
2026,8358eff09635234fd3c1118d97a685172f7be0e4,src/test/java/com/blade/ioc/ClassDefineTest.java,ClassDefineTest.java,26,clover
2027,8358eff09635234fd3c1118d97a685172f7be0e4,src/main/java/com/blade/test/BladeTestRunner.java,BladeTestRunner.java,42,clover
2028,8358eff09635234fd3c1118d97a685172f7be0e4,src/main/java/com/blade/kit/ReflectKit.java,ReflectKit.java,333,clover
2029,8358eff09635234fd3c1118d97a685172f7be0e4,src/main/java/com/blade/kit/ReflectKit.java,ReflectKit.java,334,clover
2030,8358eff09635234fd3c1118d97a685172f7be0e4,src/main/java/com/blade/kit/ReflectKit.java,ReflectKit.java,340,clover
2031,8358eff09635234fd3c1118d97a685172f7be0e4,src/main/java/com/blade/kit/ReflectKit.java,ReflectKit.java,341,clover
2032,8358eff09635234fd3c1118d97a685172f7be0e4,src/main/java/com/blade/kit/ReflectKit.java,ReflectKit.java,345,clover
2033,8358eff09635234fd3c1118d97a685172f7be0e4,src/main/java/com/blade/kit/ReflectKit.java,ReflectKit.java,346,clover
2034,8358eff09635234fd3c1118d97a685172f7be0e4,src/main/java/com/blade/kit/BladeKit.java,BladeKit.java,75,clover
2035,8358eff09635234fd3c1118d97a685172f7be0e4,src/main/java/com/blade/kit/BladeKit.java,BladeKit.java,98,clover
2036,8358eff09635234fd3c1118d97a685172f7be0e4,src/main/java/com/blade/kit/BladeKit.java,BladeKit.java,102,clover
2037,8358eff09635234fd3c1118d97a685172f7be0e4,src/main/java/com/blade/kit/BeanKit.java,BeanKit.java,51,clover
2038,8358eff09635234fd3c1118d97a685172f7be0e4,src/main/java/com/blade/kit/BeanKit.java,BeanKit.java,53,clover
2039,8358eff09635234fd3c1118d97a685172f7be0e4,src/main/java/com/blade/kit/BeanKit.java,BeanKit.java,58,clover
2040,8358eff09635234fd3c1118d97a685172f7be0e4,src/main/java/com/blade/kit/BeanKit.java,BeanKit.java,61,clover
2041,8358eff09635234fd3c1118d97a685172f7be0e4,src/main/java/com/blade/kit/json/BeanSerializer.java,BeanSerializer.java,58,clover
2042,8358eff09635234fd3c1118d97a685172f7be0e4,src/main/java/com/blade/kit/json/BeanSerializer.java,BeanSerializer.java,137,clover
2043,8358eff09635234fd3c1118d97a685172f7be0e4,src/main/java/com/blade/kit/json/BeanSerializer.java,BeanSerializer.java,237,clover
2044,8358eff09635234fd3c1118d97a685172f7be0e4,src/main/java/com/blade/ioc/bean/ClassDefine.java,ClassDefine.java,76,clover
2045,b18587a2d8f48211ee2319daa6e690d1647adfb4,src/test/java/com/blade/ioc/FieldInjectorTest.java,FieldInjectorTest.java,19,clover
2046,b18587a2d8f48211ee2319daa6e690d1647adfb4,src/test/java/com/blade/ioc/ClassDefineTest.java,ClassDefineTest.java,26,clover
2047,b18587a2d8f48211ee2319daa6e690d1647adfb4,src/main/java/com/blade/test/BladeTestRunner.java,BladeTestRunner.java,42,clover
2048,b18587a2d8f48211ee2319daa6e690d1647adfb4,src/main/java/com/blade/kit/ReflectKit.java,ReflectKit.java,333,clover
2049,b18587a2d8f48211ee2319daa6e690d1647adfb4,src/main/java/com/blade/kit/ReflectKit.java,ReflectKit.java,334,clover
2050,b18587a2d8f48211ee2319daa6e690d1647adfb4,src/main/java/com/blade/kit/ReflectKit.java,ReflectKit.java,340,clover
2051,b18587a2d8f48211ee2319daa6e690d1647adfb4,src/main/java/com/blade/kit/ReflectKit.java,ReflectKit.java,341,clover
2052,b18587a2d8f48211ee2319daa6e690d1647adfb4,src/main/java/com/blade/kit/ReflectKit.java,ReflectKit.java,345,clover
2053,b18587a2d8f48211ee2319daa6e690d1647adfb4,src/main/java/com/blade/kit/ReflectKit.java,ReflectKit.java,346,clover
2054,b18587a2d8f48211ee2319daa6e690d1647adfb4,src/main/java/com/blade/kit/BladeKit.java,BladeKit.java,75,clover
2055,b18587a2d8f48211ee2319daa6e690d1647adfb4,src/main/java/com/blade/kit/BladeKit.java,BladeKit.java,98,clover
2056,b18587a2d8f48211ee2319daa6e690d1647adfb4,src/main/java/com/blade/kit/BladeKit.java,BladeKit.java,102,clover
2057,b18587a2d8f48211ee2319daa6e690d1647adfb4,src/main/java/com/blade/kit/BeanKit.java,BeanKit.java,51,clover
2058,b18587a2d8f48211ee2319daa6e690d1647adfb4,src/main/java/com/blade/kit/BeanKit.java,BeanKit.java,53,clover
2059,b18587a2d8f48211ee2319daa6e690d1647adfb4,src/main/java/com/blade/kit/BeanKit.java,BeanKit.java,58,clover
2060,b18587a2d8f48211ee2319daa6e690d1647adfb4,src/main/java/com/blade/kit/BeanKit.java,BeanKit.java,61,clover
2061,b18587a2d8f48211ee2319daa6e690d1647adfb4,src/main/java/com/blade/kit/json/BeanSerializer.java,BeanSerializer.java,58,clover
2062,b18587a2d8f48211ee2319daa6e690d1647adfb4,src/main/java/com/blade/kit/json/BeanSerializer.java,BeanSerializer.java,137,clover
2063,b18587a2d8f48211ee2319daa6e690d1647adfb4,src/main/java/com/blade/kit/json/BeanSerializer.java,BeanSerializer.java,237,clover
2064,b18587a2d8f48211ee2319daa6e690d1647adfb4,src/main/java/com/blade/ioc/bean/ClassDefine.java,ClassDefine.java,76,clover
